	NAME	N1	N2	DIST	N	RMSD	GDT-TS-score	LGA_S3	LGA_Q
0	T0644TS024_1-D1.lga:SUMMARY(GDT)	137	141	4.0	121	1.55	75.355	81.345	7.3389999999999995
1	T0644TS024_2-D1.lga:SUMMARY(GDT)	132	141	4.0	47	2.52	29.255	24.014	1.795
2	T0644TS024_3-D1.lga:SUMMARY(GDT)	138	141	4.0	124	1.8	73.759	80.491	6.521
3	T0644TS026_1-D1.lga:SUMMARY(GDT)	141	141	4.0	129	1.46	80.851	87.147	8.257
4	T0644TS026_2-D1.lga:SUMMARY(GDT)	141	141	4.0	128	1.59	78.191	83.61	7.593
5	T0644TS026_3-D1.lga:SUMMARY(GDT)	141	141	4.0	129	1.39	81.028	87.87	8.655
6	T0644TS026_4-D1.lga:SUMMARY(GDT)	141	141	4.0	129	1.3	82.979	88.946	9.19
7	T0644TS026_5-D1.lga:SUMMARY(GDT)	141	141	4.0	129	1.32	82.801	88.618	9.081
8	T0644TS027_1-D1.lga:SUMMARY(GDT)	141	141	4.0	129	1.63	79.61	86.336	7.468
9	T0644TS027_2-D1.lga:SUMMARY(GDT)	141	141	4.0	129	1.48	81.738	87.679	8.163
10	T0644TS027_3-D1.lga:SUMMARY(GDT)	141	141	4.0	129	1.66	78.90100000000001	85.26799999999999	7.327999999999999
11	T0644TS027_4-D1.lga:SUMMARY(GDT)	141	141	4.0	129	1.56	79.78699999999999	87.088	7.775
12	T0644TS027_5-D1.lga:SUMMARY(GDT)	141	141	4.0	124	2.03	71.277	75.817	5.811
13	T0644TS028_1-D1.lga:SUMMARY(GDT)	141	141	4.0	123	1.46	78.546	82.523	7.9079999999999995
14	T0644TS028_2-D1.lga:SUMMARY(GDT)	141	141	4.0	123	1.46	78.546	82.523	7.9079999999999995
15	T0644TS035_1-D1.lga:SUMMARY(GDT)	141	141	4.0	126	1.34	83.156	88.48899999999999	8.751
16	T0644TS035_2-D1.lga:SUMMARY(GDT)	141	141	4.0	129	1.4	84.574	89.277	8.618
17	T0644TS035_3-D1.lga:SUMMARY(GDT)	141	141	4.0	127	1.42	82.624	89.042	8.349
18	T0644TS035_4-D1.lga:SUMMARY(GDT)	141	141	4.0	127	1.41	82.624	87.961	8.432
19	T0644TS035_5-D1.lga:SUMMARY(GDT)	141	141	4.0	124	1.23	83.156	86.234	9.318999999999999
20	T0644TS040_1-D1.lga:SUMMARY(GDT)	129	141	4.0	45	1.98	31.915	26.875999999999998	2.162
21	T0644TS040_2-D1.lga:SUMMARY(GDT)	129	141	4.0	49	2.4	32.27	27.8	1.963
22	T0644TS040_3-D1.lga:SUMMARY(GDT)	125	141	4.0	108	2.02	64.71600000000001	67.812	5.102
23	T0644TS040_4-D1.lga:SUMMARY(GDT)	127	141	4.0	54	2.21	34.929	29.205	2.336
24	T0644TS040_5-D1.lga:SUMMARY(GDT)	129	141	4.0	44	2.01	30.851	26.413	2.09
25	T0644TS043_1-D1.lga:SUMMARY(GDT)	141	141	4.0	120	1.69	72.163	76.57600000000001	6.712999999999999
26	T0644TS043_2-D1.lga:SUMMARY(GDT)	141	141	4.0	125	1.86	75.709	79.403	6.382000000000001
27	T0644TS043_3-D1.lga:SUMMARY(GDT)	141	141	4.0	125	1.86	75.709	79.403	6.382000000000001
28	T0644TS043_4-D1.lga:SUMMARY(GDT)	141	141	4.0	71	2.06	50.355	43.974	3.281
29	T0644TS043_5-D1.lga:SUMMARY(GDT)	141	141	4.0	123	1.63	75.709	79.727	7.115
30	T0644TS045_1-D1.lga:SUMMARY(GDT)	141	141	4.0	125	1.39	80.319	85.355	8.372
31	T0644TS045_2-D1.lga:SUMMARY(GDT)	141	141	4.0	122	1.17	82.447	84.573	9.604
32	T0644TS045_3-D1.lga:SUMMARY(GDT)	141	141	4.0	110	1.8	70.745	65.468	5.803999999999999
33	T0644TS045_4-D1.lga:SUMMARY(GDT)	141	141	4.0	128	1.38	81.56	85.667	8.67
34	T0644TS045_5-D1.lga:SUMMARY(GDT)	141	141	4.0	46	2.26	29.965	26.275	1.95
35	T0644TS068_1-D1.lga:SUMMARY(GDT)	141	141	4.0	131	1.4	84.929	88.649	8.722999999999999
36	T0644TS068_2-D1.lga:SUMMARY(GDT)	141	141	4.0	131	1.45	82.09200000000001	88.155	8.449
37	T0644TS068_3-D1.lga:SUMMARY(GDT)	141	141	4.0	131	1.85	78.191	85.227	6.728
38	T0644TS068_4-D1.lga:SUMMARY(GDT)	141	141	4.0	132	1.7	80.67399999999999	88.06	7.351
39	T0644TS068_5-D1.lga:SUMMARY(GDT)	141	141	4.0	125	1.88	73.936	79.744	6.327999999999999
40	T0644TS072_1-D1.lga:SUMMARY(GDT)	141	141	4.0	123	1.61	76.241	80.63600000000001	7.202000000000001
41	T0644TS072_2-D1.lga:SUMMARY(GDT)	141	141	4.0	124	1.65	75.0	80.471	7.082000000000001
42	T0644TS072_3-D1.lga:SUMMARY(GDT)	141	141	4.0	125	1.62	76.241	81.347	7.27
43	T0644TS072_4-D1.lga:SUMMARY(GDT)	141	141	4.0	126	1.64	77.128	82.266	7.2379999999999995
44	T0644TS072_5-D1.lga:SUMMARY(GDT)	141	141	4.0	124	1.63	75.355	81.0	7.167000000000001
45	T0644TS077_1-D1.lga:SUMMARY(GDT)	141	141	4.0	36	2.42	23.05	19.897000000000002	1.4280000000000002
46	T0644TS077_2-D1.lga:SUMMARY(GDT)	141	141	4.0	41	2.49	26.064	23.006999999999998	1.5819999999999999
47	T0644TS077_3-D1.lga:SUMMARY(GDT)	141	141	4.0	23	2.1	16.667	14.604000000000001	1.043
48	T0644TS077_4-D1.lga:SUMMARY(GDT)	141	141	4.0	48	2.67	28.723000000000003	24.948	1.7309999999999999
49	T0644TS077_5-D1.lga:SUMMARY(GDT)	141	141	4.0	37	2.3	23.936	20.910999999999998	1.544
50	T0644TS079_1-D1.lga:SUMMARY(GDT)	141	141	4.0	129	1.44	81.738	88.14	8.373
51	T0644TS079_2-D1.lga:SUMMARY(GDT)	141	141	4.0	128	1.54	81.56	86.88600000000001	7.782
52	T0644TS079_3-D1.lga:SUMMARY(GDT)	141	141	4.0	128	1.47	83.51100000000001	88.117	8.157
53	T0644TS079_4-D1.lga:SUMMARY(GDT)	141	141	4.0	129	1.32	82.801	88.618	9.081
54	T0644TS079_5-D1.lga:SUMMARY(GDT)	141	141	4.0	127	1.41	82.624	87.961	8.432
55	T0644TS081_1-D1.lga:SUMMARY(GDT)	141	141	4.0	131	1.71	81.56	87.18299999999999	7.242000000000001
56	T0644TS081_2-D1.lga:SUMMARY(GDT)	141	141	4.0	115	1.66	72.872	67.32300000000001	6.537999999999999
57	T0644TS081_3-D1.lga:SUMMARY(GDT)	141	141	4.0	120	2.21	69.32600000000001	66.806	5.193
58	T0644TS081_4-D1.lga:SUMMARY(GDT)	141	141	4.0	116	1.7	71.809	68.714	6.437
59	T0644TS081_5-D1.lga:SUMMARY(GDT)	141	141	4.0	112	1.71	70.922	65.649	6.178999999999999
60	T0644TS085_1-D1.lga:SUMMARY(GDT)	141	141	4.0	89	2.83	57.801	58.332	3.0410000000000004
61	T0644TS085_2-D1.lga:SUMMARY(GDT)	141	141	4.0	130	1.71	77.482	85.49	7.196000000000001
62	T0644TS085_3-D1.lga:SUMMARY(GDT)	141	141	4.0	131	1.59	80.319	87.265	7.74
63	T0644TS085_4-D1.lga:SUMMARY(GDT)	141	141	4.0	131	1.54	78.723	85.25299999999999	7.968
64	T0644TS085_5-D1.lga:SUMMARY(GDT)	141	141	4.0	133	1.73	77.305	85.708	7.275
65	T0644TS087_1-D1.lga:SUMMARY(GDT)	141	141	4.0	123	1.7	76.064	80.63	6.829
66	T0644TS087_2-D1.lga:SUMMARY(GDT)	141	141	4.0	126	1.83	75.532	80.351	6.519
67	T0644TS087_3-D1.lga:SUMMARY(GDT)	141	141	4.0	123	1.72	74.645	79.55	6.755
68	T0644TS087_4-D1.lga:SUMMARY(GDT)	141	141	4.0	122	1.72	73.759	78.737	6.718999999999999
69	T0644TS087_5-D1.lga:SUMMARY(GDT)	141	141	4.0	124	1.76	74.468	79.593	6.657
70	T0644TS088_1-D1.lga:SUMMARY(GDT)	141	141	4.0	49	2.1	31.028000000000002	26.323	2.2230000000000003
71	T0644TS088_2-D1.lga:SUMMARY(GDT)	141	141	4.0	43	2.35	27.482	23.809	1.758
72	T0644TS088_3-D1.lga:SUMMARY(GDT)	141	141	4.0	48	1.98	32.979	28.646	2.31
73	T0644TS098_1-D1.lga:SUMMARY(GDT)	141	141	4.0	16	2.91	13.120999999999999	10.704	0.532
74	T0644TS101_1-D1.lga:SUMMARY(GDT)	141	141	4.0	130	1.41	82.09200000000001	88.178	8.609
75	T0644TS101_2-D1.lga:SUMMARY(GDT)	141	141	4.0	130	1.39	83.333	89.06200000000001	8.705
76	T0644TS101_3-D1.lga:SUMMARY(GDT)	141	141	4.0	130	1.38	83.51100000000001	88.773	8.769
77	T0644TS101_4-D1.lga:SUMMARY(GDT)	141	141	4.0	134	1.75	83.333	88.993	7.255
78	T0644TS101_5-D1.lga:SUMMARY(GDT)	141	141	4.0	134	1.54	84.04299999999999	89.641	8.187999999999999
79	T0644TS103_1-D1.lga:SUMMARY(GDT)	141	141	4.0	51	1.95	36.17	31.13	2.483
80	T0644TS103_2-D1.lga:SUMMARY(GDT)	141	141	4.0	50	2.07	33.688	29.209	2.303
81	T0644TS103_3-D1.lga:SUMMARY(GDT)	141	141	4.0	55	2.67	38.475	32.721	1.982
82	T0644TS103_4-D1.lga:SUMMARY(GDT)	141	141	4.0	54	2.03	35.461	31.385	2.541
83	T0644TS103_5-D1.lga:SUMMARY(GDT)	141	141	4.0	49	1.95	33.865	28.56	2.388
84	T0644TS107_1-D1.lga:SUMMARY(GDT)	141	141	4.0	40	2.61	24.645	22.165	1.4780000000000002
85	T0644TS107_2-D1.lga:SUMMARY(GDT)	141	141	4.0	42	2.44	25.709	23.031999999999996	1.652
86	T0644TS107_3-D1.lga:SUMMARY(GDT)	141	141	4.0	42	2.46	25.0	22.906999999999996	1.643
87	T0644TS107_4-D1.lga:SUMMARY(GDT)	141	141	4.0	42	2.45	25.709	22.612	1.649
88	T0644TS107_5-D1.lga:SUMMARY(GDT)	141	141	4.0	39	2.66	23.936	21.498	1.4140000000000001
89	T0644TS108_1-D1.lga:SUMMARY(GDT)	141	141	4.0	122	2.07	71.277	72.797	5.6129999999999995
90	T0644TS111_1-D1.lga:SUMMARY(GDT)	141	141	4.0	29	2.87	20.566999999999997	18.233	0.978
91	T0644TS111_2-D1.lga:SUMMARY(GDT)	141	141	4.0	33	2.74	23.936	20.116	1.1640000000000001
92	T0644TS111_3-D1.lga:SUMMARY(GDT)	141	141	4.0	42	2.58	30.496	25.178	1.5659999999999998
93	T0644TS111_4-D1.lga:SUMMARY(GDT)	141	141	4.0	57	2.23	31.383000000000003	29.320999999999998	2.443
94	T0644TS111_5-D1.lga:SUMMARY(GDT)	141	141	4.0	16	2.7	11.702	9.951	0.5720000000000001
95	T0644TS113_1-D1.lga:SUMMARY(GDT)	141	141	4.0	126	1.38	84.75200000000001	87.76100000000001	8.5
96	T0644TS113_2-D1.lga:SUMMARY(GDT)	140	141	4.0	122	1.37	77.837	82.37700000000001	8.276
97	T0644TS113_3-D1.lga:SUMMARY(GDT)	132	141	4.0	122	1.36	77.482	83.027	8.366
98	T0644TS113_4-D1.lga:SUMMARY(GDT)	113	141	4.0	50	2.4	31.383000000000003	27.43	1.9980000000000002
99	T0644TS113_5-D1.lga:SUMMARY(GDT)	116	141	4.0	55	2.09	35.461	31.105999999999998	2.513
100	T0644TS114_1-D1.lga:SUMMARY(GDT)	141	141	4.0	127	1.42	83.156	88.057	8.337
101	T0644TS114_2-D1.lga:SUMMARY(GDT)	141	141	4.0	129	1.39	85.28399999999999	89.402	8.681000000000001
102	T0644TS114_3-D1.lga:SUMMARY(GDT)	141	141	4.0	128	1.43	83.156	89.14200000000001	8.372
103	T0644TS114_4-D1.lga:SUMMARY(GDT)	141	141	4.0	124	1.25	83.865	86.51700000000001	9.154
104	T0644TS114_5-D1.lga:SUMMARY(GDT)	141	141	4.0	127	1.45	81.738	87.339	8.219
105	T0644TS115_1-D1.lga:SUMMARY(GDT)	141	141	4.0	124	1.26	79.255	83.366	9.105
106	T0644TS115_2-D1.lga:SUMMARY(GDT)	141	141	4.0	124	1.51	76.241	81.093	7.712000000000001
107	T0644TS115_3-D1.lga:SUMMARY(GDT)	141	141	4.0	124	1.37	76.773	82.178	8.421
108	T0644TS115_4-D1.lga:SUMMARY(GDT)	141	141	4.0	124	1.61	74.113	79.567	7.271
109	T0644TS115_5-D1.lga:SUMMARY(GDT)	141	141	4.0	125	1.28	80.319	84.45700000000001	9.086
110	T0644TS117_1-D1.lga:SUMMARY(GDT)	141	141	4.0	56	2.14	31.383000000000003	28.279	2.499
111	T0644TS117_2-D1.lga:SUMMARY(GDT)	141	141	4.0	18	2.53	12.765999999999998	10.798	0.6859999999999999
112	T0644TS121_1-D1.lga:SUMMARY(GDT)	141	141	4.0	121	1.47	79.433	82.83200000000001	7.7139999999999995
113	T0644TS121_2-D1.lga:SUMMARY(GDT)	141	141	4.0	124	1.52	80.851	83.67200000000001	7.657
114	T0644TS121_3-D1.lga:SUMMARY(GDT)	141	141	4.0	120	1.58	75.0	80.067	7.143
115	T0644TS121_4-D1.lga:SUMMARY(GDT)	141	141	4.0	124	1.68	75.0	81.066	6.974
116	T0644TS121_5-D1.lga:SUMMARY(GDT)	141	141	4.0	121	1.44	80.142	83.02600000000001	7.848
117	T0644TS122_1-D1.lga:SUMMARY(GDT)	141	141	4.0	125	1.78	74.82300000000001	79.70100000000001	6.65
118	T0644TS124_1-D1.lga:SUMMARY(GDT)	141	141	4.0	51	2.36	33.688	28.886	2.069
119	T0644TS124_2-D1.lga:SUMMARY(GDT)	141	141	4.0	52	2.4	34.043	29.261	2.082
120	T0644TS124_3-D1.lga:SUMMARY(GDT)	141	141	4.0	52	2.28	34.22	29.416999999999998	2.181
121	T0644TS124_4-D1.lga:SUMMARY(GDT)	141	141	4.0	51	2.27	32.979	28.526	2.149
122	T0644TS124_5-D1.lga:SUMMARY(GDT)	141	141	4.0	53	2.18	35.816	30.879	2.326
123	T0644TS125_1-D1.lga:SUMMARY(GDT)	141	141	4.0	63	2.23	40.071	37.038000000000004	2.705
124	T0644TS125_2-D1.lga:SUMMARY(GDT)	141	141	4.0	61	2.11	37.943000000000005	34.313	2.765
125	T0644TS125_3-D1.lga:SUMMARY(GDT)	141	141	4.0	63	2.15	40.071	37.378	2.7969999999999997
126	T0644TS125_4-D1.lga:SUMMARY(GDT)	141	141	4.0	51	1.94	35.638000000000005	30.075	2.499
127	T0644TS125_5-D1.lga:SUMMARY(GDT)	141	141	4.0	51	1.98	36.348	30.928	2.457
128	T0644TS130_1-D1.lga:SUMMARY(GDT)	141	141	4.0	129	1.32	82.801	88.618	9.081
129	T0644TS130_2-D1.lga:SUMMARY(GDT)	141	141	4.0	129	1.3	82.979	88.946	9.19
130	T0644TS130_3-D1.lga:SUMMARY(GDT)	141	141	4.0	129	1.3	82.979	88.86200000000001	9.187999999999999
131	T0644TS130_4-D1.lga:SUMMARY(GDT)	141	141	4.0	129	1.39	81.028	87.87	8.655
132	T0644TS130_5-D1.lga:SUMMARY(GDT)	141	141	4.0	129	1.39	85.28399999999999	89.402	8.681000000000001
133	T0644TS141_1-D1.lga:SUMMARY(GDT)	141	141	4.0	124	1.16	82.27	85.682	9.853
134	T0644TS141_2-D1.lga:SUMMARY(GDT)	141	141	4.0	124	1.22	82.09200000000001	86.29899999999999	9.401
135	T0644TS141_3-D1.lga:SUMMARY(GDT)	141	141	4.0	127	1.27	83.51100000000001	87.735	9.282
136	T0644TS141_4-D1.lga:SUMMARY(GDT)	141	141	4.0	125	1.2	83.51100000000001	87.56299999999999	9.648
137	T0644TS141_5-D1.lga:SUMMARY(GDT)	141	141	4.0	126	1.24	83.68799999999999	87.595	9.399
138	T0644TS148_1-D1.lga:SUMMARY(GDT)	141	141	4.0	126	2.12	72.34	74.846	5.681
139	T0644TS148_2-D1.lga:SUMMARY(GDT)	129	141	4.0	50	2.44	32.446999999999996	28.109	1.9680000000000002
140	T0644TS148_3-D1.lga:SUMMARY(GDT)	129	141	4.0	55	2.56	33.510999999999996	29.699	2.068
141	T0644TS148_4-D1.lga:SUMMARY(GDT)	125	141	4.0	111	1.97	64.007	62.49100000000001	5.372000000000001
142	T0644TS148_5-D1.lga:SUMMARY(GDT)	62	141	4.0	48	1.92	29.255	27.248	2.377
143	T0644TS149_1-D1.lga:SUMMARY(GDT)	141	141	4.0	93	2.45	56.56	53.802	3.6510000000000002
144	T0644TS149_2-D1.lga:SUMMARY(GDT)	141	141	4.0	124	1.69	75.887	82.396	6.9079999999999995
145	T0644TS149_3-D1.lga:SUMMARY(GDT)	141	141	4.0	125	1.85	74.645	80.563	6.422999999999999
146	T0644TS149_4-D1.lga:SUMMARY(GDT)	141	141	4.0	104	2.04	63.652	57.135	4.856
147	T0644TS149_5-D1.lga:SUMMARY(GDT)	141	141	4.0	118	2.72	64.71600000000001	63.903999999999996	4.191
148	T0644TS152_1-D1.lga:SUMMARY(GDT)	141	141	4.0	17	2.44	12.943	11.215	0.67
149	T0644TS152_2-D1.lga:SUMMARY(GDT)	141	141	4.0	22	3.05	15.071	13.084000000000001	0.698
150	T0644TS152_3-D1.lga:SUMMARY(GDT)	141	141	4.0	24	2.94	17.375999999999998	15.087	0.79
151	T0644TS152_4-D1.lga:SUMMARY(GDT)	141	141	4.0	22	2.27	16.135	13.975	0.929
152	T0644TS152_5-D1.lga:SUMMARY(GDT)	141	141	4.0	19	2.37	14.007	12.645999999999999	0.7709999999999999
153	T0644TS163_1-D1.lga:SUMMARY(GDT)	141	141	4.0	129	1.46	80.851	87.147	8.257
154	T0644TS164_1-D1.lga:SUMMARY(GDT)	141	141	4.0	127	1.45	81.738	87.339	8.219
155	T0644TS164_2-D1.lga:SUMMARY(GDT)	141	141	4.0	123	1.9	72.163	78.02199999999999	6.16
156	T0644TS164_3-D1.lga:SUMMARY(GDT)	141	141	4.0	123	1.87	72.518	78.382	6.2410000000000005
157	T0644TS164_4-D1.lga:SUMMARY(GDT)	141	141	4.0	127	1.42	82.624	89.042	8.349
158	T0644TS164_5-D1.lga:SUMMARY(GDT)	141	141	4.0	127	1.42	83.156	88.057	8.337
159	T0644TS165_1-D1.lga:SUMMARY(GDT)	141	141	4.0	121	2.13	67.376	69.32600000000001	5.438
160	T0644TS165_2-D1.lga:SUMMARY(GDT)	141	141	4.0	134	1.89	76.418	84.49700000000001	6.75
161	T0644TS165_3-D1.lga:SUMMARY(GDT)	141	141	4.0	121	1.63	74.468	79.54	6.989
162	T0644TS165_4-D1.lga:SUMMARY(GDT)	141	141	4.0	119	1.73	71.631	71.40100000000001	6.515
163	T0644TS165_5-D1.lga:SUMMARY(GDT)	141	141	4.0	130	1.89	74.113	81.97	6.545
164	T0644TS172_1-D1.lga:SUMMARY(GDT)	141	141	4.0	117	2.15	64.89399999999999	64.22399999999999	5.211
165	T0644TS172_2-D1.lga:SUMMARY(GDT)	141	141	4.0	120	2.22	70.39	69.81	5.18
166	T0644TS172_3-D1.lga:SUMMARY(GDT)	141	141	4.0	124	2.24	71.809	70.955	5.289
167	T0644TS172_4-D1.lga:SUMMARY(GDT)	141	141	4.0	99	2.56	54.61	50.286	3.719
168	T0644TS172_5-D1.lga:SUMMARY(GDT)	141	141	4.0	119	2.41	66.48899999999999	62.363	4.736000000000001
169	T0644TS175_1-D1.lga:SUMMARY(GDT)	141	141	4.0	123	1.72	75.532	79.513	6.777
170	T0644TS175_2-D1.lga:SUMMARY(GDT)	141	141	4.0	123	1.68	74.291	79.321	6.9110000000000005
171	T0644TS175_3-D1.lga:SUMMARY(GDT)	141	141	4.0	122	1.5	77.305	81.58	7.638
172	T0644TS175_4-D1.lga:SUMMARY(GDT)	141	141	4.0	123	2.02	71.09899999999999	76.12899999999999	5.815
173	T0644TS175_5-D1.lga:SUMMARY(GDT)	141	141	4.0	121	1.81	70.567	76.777	6.332999999999999
174	T0644TS178_1-D1.lga:SUMMARY(GDT)	141	141	4.0	129	1.54	78.90100000000001	83.65899999999999	7.865
175	T0644TS179_1-D1.lga:SUMMARY(GDT)	141	141	4.0	30	2.46	18.262	16.229	1.1740000000000002
176	T0644TS179_2-D1.lga:SUMMARY(GDT)	141	141	4.0	30	2.46	18.262	16.229	1.1740000000000002
177	T0644TS179_3-D1.lga:SUMMARY(GDT)	141	141	4.0	38	2.43	25.886999999999997	23.055999999999997	1.504
178	T0644TS179_4-D1.lga:SUMMARY(GDT)	141	141	4.0	38	2.43	25.886999999999997	23.055999999999997	1.504
179	T0644TS179_5-D1.lga:SUMMARY(GDT)	141	141	4.0	43	2.33	25.177	23.061	1.768
180	T0644TS190_1-D1.lga:SUMMARY(GDT)	141	141	4.0	40	2.61	24.645	22.165	1.4780000000000002
181	T0644TS190_2-D1.lga:SUMMARY(GDT)	141	141	4.0	42	2.44	25.709	23.031999999999996	1.652
182	T0644TS190_3-D1.lga:SUMMARY(GDT)	141	141	4.0	42	2.46	25.0	22.906999999999996	1.643
183	T0644TS190_4-D1.lga:SUMMARY(GDT)	141	141	4.0	42	2.45	25.709	22.612	1.649
184	T0644TS190_5-D1.lga:SUMMARY(GDT)	141	141	4.0	39	2.66	23.936	21.498	1.4140000000000001
185	T0644TS195_1-D1.lga:SUMMARY(GDT)	141	141	4.0	40	1.84	29.078000000000003	25.255	2.0669999999999997
186	T0644TS195_2-D1.lga:SUMMARY(GDT)	141	141	4.0	87	2.72	49.291000000000004	43.115	3.0869999999999997
187	T0644TS195_3-D1.lga:SUMMARY(GDT)	141	141	4.0	92	2.6	50.177	43.981	3.408
188	T0644TS195_4-D1.lga:SUMMARY(GDT)	141	141	4.0	85	2.78	48.93600000000001	42.888999999999996	2.9539999999999997
189	T0644TS195_5-D1.lga:SUMMARY(GDT)	141	141	4.0	87	2.79	50.355	45.301	3.015
190	T0644TS197_1-D1.lga:SUMMARY(GDT)	141	141	4.0	127	1.44	82.27	87.805	8.272
191	T0644TS197_2-D1.lga:SUMMARY(GDT)	141	141	4.0	127	1.43	82.09200000000001	87.958	8.287
192	T0644TS197_3-D1.lga:SUMMARY(GDT)	141	141	4.0	127	1.44	81.56	87.84700000000001	8.269
193	T0644TS197_4-D1.lga:SUMMARY(GDT)	141	141	4.0	129	1.39	82.27	88.166	8.64
194	T0644TS197_5-D1.lga:SUMMARY(GDT)	141	141	4.0	127	1.47	82.27	87.83	8.113
195	T0644TS198_1-D1.lga:SUMMARY(GDT)	141	141	4.0	122	1.69	74.82300000000001	79.615	6.812
196	T0644TS198_2-D1.lga:SUMMARY(GDT)	141	141	4.0	123	1.49	77.482	82.57700000000001	7.754
197	T0644TS198_3-D1.lga:SUMMARY(GDT)	141	141	4.0	121	1.47	76.95	81.788	7.707999999999999
198	T0644TS198_4-D1.lga:SUMMARY(GDT)	141	141	4.0	124	1.67	75.0	80.437	7.015
199	T0644TS198_5-D1.lga:SUMMARY(GDT)	141	141	4.0	121	1.46	76.773	81.50399999999999	7.749
200	T0644TS201_1-D1.lga:SUMMARY(GDT)	141	141	4.0	97	2.7	60.284	57.25899999999999	3.463
201	T0644TS201_2-D1.lga:SUMMARY(GDT)	141	141	4.0	95	2.63	59.22	57.31	3.483
202	T0644TS201_3-D1.lga:SUMMARY(GDT)	141	141	4.0	95	2.68	60.284	57.218	3.4130000000000003
203	T0644TS201_4-D1.lga:SUMMARY(GDT)	141	141	4.0	124	1.25	81.383	85.06	9.19
204	T0644TS201_5-D1.lga:SUMMARY(GDT)	141	141	4.0	124	1.22	81.206	85.402	9.408999999999999
205	T0644TS204_1-D1.lga:SUMMARY(GDT)	129	141	4.0	50	2.43	33.510999999999996	27.596	1.9780000000000002
206	T0644TS221_1-D1.lga:SUMMARY(GDT)	138	141	4.0	129	1.65	77.305	82.98200000000001	7.374
207	T0644TS221_2-D1.lga:SUMMARY(GDT)	139	141	4.0	129	1.6	77.66	83.296	7.607
208	T0644TS221_3-D1.lga:SUMMARY(GDT)	138	141	4.0	129	1.6	78.723	84.046	7.605
209	T0644TS221_4-D1.lga:SUMMARY(GDT)	139	141	4.0	129	1.54	80.142	84.366	7.86
210	T0644TS221_5-D1.lga:SUMMARY(GDT)	139	141	4.0	129	1.66	77.482	82.64299999999999	7.319
211	T0644TS222_1-D1.lga:SUMMARY(GDT)	141	141	4.0	25	2.81	16.667	14.706	0.8590000000000001
212	T0644TS222_2-D1.lga:SUMMARY(GDT)	141	141	4.0	25	2.56	16.489	14.035	0.941
213	T0644TS222_3-D1.lga:SUMMARY(GDT)	141	141	4.0	49	3.01	28.546	24.925	1.5759999999999998
214	T0644TS222_4-D1.lga:SUMMARY(GDT)	141	141	4.0	51	2.29	32.979	27.633000000000003	2.13
215	T0644TS222_5-D1.lga:SUMMARY(GDT)	141	141	4.0	53	2.34	32.979	28.565	2.168
216	T0644TS223_1-D1.lga:SUMMARY(GDT)	141	141	4.0	129	1.49	79.78699999999999	85.385	8.113
217	T0644TS237_1-D1.lga:SUMMARY(GDT)	141	141	4.0	129	1.49	83.333	88.618	8.103
218	T0644TS237_2-D1.lga:SUMMARY(GDT)	141	141	4.0	128	1.41	83.51100000000001	89.264	8.495
219	T0644TS237_3-D1.lga:SUMMARY(GDT)	141	141	4.0	129	1.5	81.915	87.691	8.052
220	T0644TS237_4-D1.lga:SUMMARY(GDT)	141	141	4.0	129	1.47	82.801	88.374	8.204
221	T0644TS237_5-D1.lga:SUMMARY(GDT)	141	141	4.0	124	1.73	73.227	78.915	6.757999999999999
222	T0644TS238_1-D1.lga:SUMMARY(GDT)	141	141	4.0	122	1.69	74.82300000000001	79.615	6.812
223	T0644TS238_2-D1.lga:SUMMARY(GDT)	141	141	4.0	123	1.49	77.482	82.57700000000001	7.754
224	T0644TS238_3-D1.lga:SUMMARY(GDT)	141	141	4.0	121	1.47	76.95	81.788	7.707999999999999
225	T0644TS238_4-D1.lga:SUMMARY(GDT)	141	141	4.0	124	1.67	75.0	80.437	7.015
226	T0644TS238_5-D1.lga:SUMMARY(GDT)	141	141	4.0	121	1.46	76.773	81.50399999999999	7.749
227	T0644TS246_1-D1.lga:SUMMARY(GDT)	141	141	4.0	34	3.0	22.872	19.261	1.095
228	T0644TS246_2-D1.lga:SUMMARY(GDT)	141	141	4.0	27	2.66	16.844	14.38	0.977
229	T0644TS246_3-D1.lga:SUMMARY(GDT)	141	141	4.0	24	2.72	17.73	14.767999999999999	0.85
230	T0644TS247_1-D1.lga:SUMMARY(GDT)	141	141	4.0	53	2.31	32.092	28.276	2.2
231	T0644TS247_2-D1.lga:SUMMARY(GDT)	141	141	4.0	17	3.0	13.475	11.613	0.5489999999999999
232	T0644TS247_3-D1.lga:SUMMARY(GDT)	141	141	4.0	48	2.68	32.27	27.675	1.724
233	T0644TS247_4-D1.lga:SUMMARY(GDT)	141	141	4.0	15	2.96	11.347999999999999	9.472999999999999	0.49
234	T0644TS247_5-D1.lga:SUMMARY(GDT)	141	141	4.0	16	2.96	12.765999999999998	10.588	0.523
235	T0644TS251_1-D1.lga:SUMMARY(GDT)	141	141	4.0	133	1.73	81.56	88.116	7.256
236	T0644TS251_2-D1.lga:SUMMARY(GDT)	141	141	4.0	125	1.48	79.78699999999999	84.538	7.9239999999999995
237	T0644TS251_3-D1.lga:SUMMARY(GDT)	141	141	4.0	126	1.63	77.305	83.73899999999999	7.2989999999999995
238	T0644TS251_4-D1.lga:SUMMARY(GDT)	141	141	4.0	129	1.33	83.68799999999999	89.39	8.991
239	T0644TS251_5-D1.lga:SUMMARY(GDT)	141	141	4.0	128	1.71	76.241	81.866	7.067
240	T0644TS254_1-D1.lga:SUMMARY(GDT)	141	141	4.0	125	1.71	76.418	81.385	6.905
241	T0644TS258_1-D1.lga:SUMMARY(GDT)	141	141	4.0	57	2.69	35.816	31.072	2.045
242	T0644TS258_2-D1.lga:SUMMARY(GDT)	141	141	4.0	63	2.05	39.007	35.639	2.929
243	T0644TS258_3-D1.lga:SUMMARY(GDT)	141	141	4.0	23	2.62	14.539000000000001	13.055	0.845
244	T0644TS258_4-D1.lga:SUMMARY(GDT)	141	141	4.0	23	2.84	15.957	13.687000000000001	0.782
245	T0644TS258_5-D1.lga:SUMMARY(GDT)	141	141	4.0	20	3.16	14.184000000000001	11.962	0.614
246	T0644TS259_1-D1.lga:SUMMARY(GDT)	141	141	4.0	125	1.66	79.61	81.75	7.122000000000001
247	T0644TS259_2-D1.lga:SUMMARY(GDT)	141	141	4.0	122	2.04	69.681	71.673	5.7139999999999995
248	T0644TS260_1-D1.lga:SUMMARY(GDT)	141	141	4.0	105	2.56	57.801	57.288000000000004	3.952
249	T0644TS260_2-D1.lga:SUMMARY(GDT)	141	141	4.0	101	2.57	56.56	56.037	3.78
250	T0644TS260_3-D1.lga:SUMMARY(GDT)	141	141	4.0	108	2.57	57.446999999999996	55.945	4.043
251	T0644TS260_4-D1.lga:SUMMARY(GDT)	141	141	4.0	111	2.42	60.993	60.193000000000005	4.412
252	T0644TS260_5-D1.lga:SUMMARY(GDT)	141	141	4.0	111	2.5	58.865	56.508	4.271
253	T0644TS261_1-D1.lga:SUMMARY(GDT)	141	141	4.0	129	1.32	82.801	88.618	9.081
254	T0644TS261_2-D1.lga:SUMMARY(GDT)	141	141	4.0	129	1.3	82.979	88.86200000000001	9.187999999999999
255	T0644TS261_3-D1.lga:SUMMARY(GDT)	141	141	4.0	129	1.3	82.979	88.946	9.19
256	T0644TS261_4-D1.lga:SUMMARY(GDT)	141	141	4.0	129	1.39	81.028	87.87	8.655
257	T0644TS261_5-D1.lga:SUMMARY(GDT)	141	141	4.0	129	1.39	80.851	87.485	8.645
258	T0644TS265_1-D1.lga:SUMMARY(GDT)	141	141	4.0	119	1.67	71.09899999999999	76.732	6.722
259	T0644TS265_5-D1.lga:SUMMARY(GDT)	141	141	4.0	123	1.51	76.773	81.567	7.632999999999999
260	T0644TS267_1-D1.lga:SUMMARY(GDT)	141	141	4.0	129	1.3	82.979	88.946	9.19
261	T0644TS267_2-D1.lga:SUMMARY(GDT)	141	141	4.0	129	1.3	82.979	88.86200000000001	9.187999999999999
262	T0644TS267_3-D1.lga:SUMMARY(GDT)	141	141	4.0	129	1.32	82.801	88.618	9.081
263	T0644TS267_4-D1.lga:SUMMARY(GDT)	141	141	4.0	127	1.41	82.624	87.961	8.432
264	T0644TS267_5-D1.lga:SUMMARY(GDT)	141	141	4.0	129	1.39	81.028	87.87	8.655
265	T0644TS273_1-D1.lga:SUMMARY(GDT)	141	141	4.0	112	1.73	69.32600000000001	65.328	6.127000000000001
266	T0644TS273_2-D1.lga:SUMMARY(GDT)	141	141	4.0	112	1.73	69.32600000000001	65.328	6.127000000000001
267	T0644TS273_3-D1.lga:SUMMARY(GDT)	141	141	4.0	118	1.8	71.809	68.885	6.2
268	T0644TS273_4-D1.lga:SUMMARY(GDT)	141	141	4.0	118	1.8	71.809	68.885	6.2
269	T0644TS273_5-D1.lga:SUMMARY(GDT)	141	141	4.0	118	1.8	71.809	68.885	6.2
270	T0644TS275_1-D1.lga:SUMMARY(GDT)	132	141	4.0	123	1.17	80.49600000000001	86.191	9.714
271	T0644TS275_2-D1.lga:SUMMARY(GDT)	129	141	4.0	49	2.4	32.27	27.8	1.963
272	T0644TS275_3-D1.lga:SUMMARY(GDT)	125	141	4.0	108	2.02	64.71600000000001	67.812	5.102
273	T0644TS275_4-D1.lga:SUMMARY(GDT)	127	141	4.0	54	2.21	34.929	29.205	2.336
274	T0644TS275_5-D1.lga:SUMMARY(GDT)	129	141	4.0	44	2.01	30.851	26.413	2.09
275	T0644TS277_1-D1.lga:SUMMARY(GDT)	141	141	4.0	129	1.54	78.90100000000001	83.65899999999999	7.865
276	T0644TS277_2-D1.lga:SUMMARY(GDT)	141	141	4.0	129	1.54	78.90100000000001	83.669	7.865
277	T0644TS277_3-D1.lga:SUMMARY(GDT)	141	141	4.0	132	1.65	80.142	87.289	7.551
278	T0644TS277_4-D1.lga:SUMMARY(GDT)	141	141	4.0	123	1.56	77.305	81.748	7.393
279	T0644TS277_5-D1.lga:SUMMARY(GDT)	141	141	4.0	114	2.11	65.78	63.098	5.166
280	T0644TS280_1-D1.lga:SUMMARY(GDT)	141	141	4.0	131	1.88	75.355	83.061	6.632000000000001
281	T0644TS280_2-D1.lga:SUMMARY(GDT)	141	141	4.0	129	1.69	77.66	84.76700000000001	7.221
282	T0644TS280_3-D1.lga:SUMMARY(GDT)	141	141	4.0	129	1.4	80.67399999999999	86.45299999999999	8.575
283	T0644TS280_4-D1.lga:SUMMARY(GDT)	141	141	4.0	129	1.39	81.028	87.87	8.655
284	T0644TS280_5-D1.lga:SUMMARY(GDT)	141	141	4.0	112	1.73	69.32600000000001	65.328	6.127000000000001
285	T0644TS281_1-D1.lga:SUMMARY(GDT)	141	141	4.0	129	1.3	82.979	88.86200000000001	9.187999999999999
286	T0644TS281_2-D1.lga:SUMMARY(GDT)	141	141	4.0	129	1.3	82.979	88.946	9.19
287	T0644TS281_3-D1.lga:SUMMARY(GDT)	141	141	4.0	129	1.32	82.801	88.618	9.081
288	T0644TS281_4-D1.lga:SUMMARY(GDT)	141	141	4.0	129	1.39	81.028	87.87	8.655
289	T0644TS281_5-D1.lga:SUMMARY(GDT)	141	141	4.0	129	1.39	80.851	87.485	8.645
290	T0644TS282_1-D1.lga:SUMMARY(GDT)	141	141	4.0	124	1.68	73.936	80.663	6.98
291	T0644TS282_2-D1.lga:SUMMARY(GDT)	141	141	4.0	57	2.49	36.17	31.581999999999997	2.198
292	T0644TS282_3-D1.lga:SUMMARY(GDT)	141	141	4.0	56	1.94	37.943000000000005	33.672	2.7430000000000003
293	T0644TS282_4-D1.lga:SUMMARY(GDT)	141	141	4.0	57	2.15	38.121	33.493	2.5380000000000003
294	T0644TS282_5-D1.lga:SUMMARY(GDT)	141	141	4.0	23	2.3	19.149	15.728	0.96
295	T0644TS285_1-D1.lga:SUMMARY(GDT)	141	141	4.0	129	1.39	81.028	87.87	8.655
296	T0644TS285_2-D1.lga:SUMMARY(GDT)	141	141	4.0	129	1.3	82.979	88.946	9.19
297	T0644TS285_3-D1.lga:SUMMARY(GDT)	141	141	4.0	129	1.32	82.801	88.618	9.081
298	T0644TS285_4-D1.lga:SUMMARY(GDT)	141	141	4.0	129	1.3	82.979	88.86200000000001	9.187999999999999
299	T0644TS285_5-D1.lga:SUMMARY(GDT)	141	141	4.0	129	1.46	80.851	87.147	8.257
300	T0644TS286_1-D1.lga:SUMMARY(GDT)	141	141	4.0	127	2.09	71.809	77.567	5.801
301	T0644TS286_2-D1.lga:SUMMARY(GDT)	141	141	4.0	126	1.93	71.986	78.577	6.1979999999999995
302	T0644TS286_3-D1.lga:SUMMARY(GDT)	141	141	4.0	126	1.93	71.631	78.061	6.2
303	T0644TS286_4-D1.lga:SUMMARY(GDT)	141	141	4.0	126	2.04	71.986	76.235	5.896
304	T0644TS286_5-D1.lga:SUMMARY(GDT)	141	141	4.0	126	2.03	71.454	77.46300000000001	5.912999999999999
305	T0644TS287_1-D1.lga:SUMMARY(GDT)	141	141	4.0	20	2.49	14.184000000000001	12.853	0.7709999999999999
306	T0644TS287_2-D1.lga:SUMMARY(GDT)	141	141	4.0	24	2.98	16.844	14.286	0.778
307	T0644TS287_3-D1.lga:SUMMARY(GDT)	141	141	4.0	22	2.81	17.553	15.220999999999998	0.757
308	T0644TS287_4-D1.lga:SUMMARY(GDT)	141	141	4.0	18	2.7	14.007	12.158	0.643
309	T0644TS287_5-D1.lga:SUMMARY(GDT)	141	141	4.0	28	2.86	18.972	16.0	0.9470000000000001
310	T0644TS292_1-D1.lga:SUMMARY(GDT)	141	141	4.0	117	1.89	70.567	67.587	5.8660000000000005
311	T0644TS292_2-D1.lga:SUMMARY(GDT)	141	141	4.0	118	1.97	69.858	66.765	5.699
312	T0644TS292_3-D1.lga:SUMMARY(GDT)	141	141	4.0	51	1.95	36.17	31.13	2.483
313	T0644TS292_4-D1.lga:SUMMARY(GDT)	141	141	4.0	54	2.03	35.461	31.385	2.541
314	T0644TS292_5-D1.lga:SUMMARY(GDT)	141	141	4.0	116	1.66	69.858	74.34	6.596
315	T0644TS294_1-D1.lga:SUMMARY(GDT)	141	141	4.0	129	1.42	85.10600000000001	89.054	8.487
316	T0644TS294_2-D1.lga:SUMMARY(GDT)	141	141	4.0	128	1.38	84.397	88.709	8.664
317	T0644TS294_3-D1.lga:SUMMARY(GDT)	141	141	4.0	129	1.39	85.28399999999999	89.402	8.681000000000001
318	T0644TS294_4-D1.lga:SUMMARY(GDT)	141	141	4.0	129	1.3	82.979	88.946	9.19
319	T0644TS294_5-D1.lga:SUMMARY(GDT)	141	141	4.0	129	1.3	82.979	88.86200000000001	9.187999999999999
320	T0644TS298_1-D1.lga:SUMMARY(GDT)	141	141	4.0	125	1.75	75.17699999999999	80.23100000000001	6.763999999999999
321	T0644TS298_2-D1.lga:SUMMARY(GDT)	141	141	4.0	125	1.72	75.709	80.48100000000001	6.88
322	T0644TS298_3-D1.lga:SUMMARY(GDT)	141	141	4.0	126	1.74	75.887	81.23100000000001	6.862
323	T0644TS298_4-D1.lga:SUMMARY(GDT)	141	141	4.0	122	1.69	73.227	78.117	6.8
324	T0644TS298_5-D1.lga:SUMMARY(GDT)	141	141	4.0	122	1.69	73.05	78.08800000000001	6.8
325	T0644TS300_1-D1.lga:SUMMARY(GDT)	141	141	4.0	124	1.58	78.90100000000001	82.185	7.361000000000001
326	T0644TS301_1-D1.lga:SUMMARY(GDT)	141	141	4.0	118	2.03	68.44	69.85600000000001	5.551
327	T0644TS301_2-D1.lga:SUMMARY(GDT)	141	141	4.0	119	2.08	67.73	67.067	5.457999999999999
328	T0644TS301_3-D1.lga:SUMMARY(GDT)	141	141	4.0	122	1.89	70.567	73.961	6.132999999999999
329	T0644TS301_4-D1.lga:SUMMARY(GDT)	141	141	4.0	117	2.19	67.73	62.983000000000004	5.099
330	T0644TS301_5-D1.lga:SUMMARY(GDT)	141	141	4.0	123	1.95	69.50399999999999	76.725	6.004
331	T0644TS302_1-D1.lga:SUMMARY(GDT)	129	141	4.0	123	1.31	77.305	84.178	8.714
332	T0644TS302_2-D1.lga:SUMMARY(GDT)	129	141	4.0	123	1.42	75.887	83.219	8.089
333	T0644TS302_3-D1.lga:SUMMARY(GDT)	129	141	4.0	124	1.45	75.17699999999999	83.052	8.015
334	T0644TS302_4-D1.lga:SUMMARY(GDT)	129	141	4.0	123	1.44	75.532	82.90100000000001	8.003
335	T0644TS302_5-D1.lga:SUMMARY(GDT)	129	141	4.0	123	1.36	76.418	83.693	8.419
336	T0644TS311_1-D1.lga:SUMMARY(GDT)	141	141	4.0	113	1.91	64.362	65.41	5.617000000000001
337	T0644TS311_2-D1.lga:SUMMARY(GDT)	141	141	4.0	122	1.63	72.34	77.418	7.053999999999999
338	T0644TS311_3-D1.lga:SUMMARY(GDT)	141	141	4.0	112	2.18	61.348	61.258	4.9110000000000005
339	T0644TS311_4-D1.lga:SUMMARY(GDT)	141	141	4.0	55	2.24	31.028000000000002	29.529	2.346
340	T0644TS311_5-D1.lga:SUMMARY(GDT)	141	141	4.0	62	2.1	42.553000000000004	39.308	2.823
341	T0644TS315_1-D1.lga:SUMMARY(GDT)	141	141	4.0	129	1.71	77.837	82.624	7.138
342	T0644TS315_2-D1.lga:SUMMARY(GDT)	141	141	4.0	121	2.07	70.035	72.433	5.587999999999999
343	T0644TS315_3-D1.lga:SUMMARY(GDT)	141	141	4.0	128	2.08	72.163	74.887	5.865
344	T0644TS315_4-D1.lga:SUMMARY(GDT)	141	141	4.0	128	1.95	73.404	78.87100000000001	6.233
345	T0644TS315_5-D1.lga:SUMMARY(GDT)	141	141	4.0	128	1.6	80.49600000000001	86.735	7.5120000000000005
346	T0644TS317_1-D1.lga:SUMMARY(GDT)	123	141	4.0	65	2.61	46.277	46.599	2.403
347	T0644TS317_2-D1.lga:SUMMARY(GDT)	123	141	4.0	54	0.98	38.652	35.147	5.019
348	T0644TS317_3-D1.lga:SUMMARY(GDT)	123	141	4.0	66	2.72	44.148999999999994	43.641000000000005	2.34
349	T0644TS317_4-D1.lga:SUMMARY(GDT)	123	141	4.0	63	1.93	45.567	45.299	3.0980000000000003
350	T0644TS317_5-D1.lga:SUMMARY(GDT)	123	141	4.0	55	1.35	39.894	35.479	3.781
351	T0644TS330_1-D1.lga:SUMMARY(GDT)	141	141	4.0	134	1.75	83.333	88.993	7.255
352	T0644TS330_2-D1.lga:SUMMARY(GDT)	141	141	4.0	132	1.59	83.156	88.575	7.803
353	T0644TS330_3-D1.lga:SUMMARY(GDT)	141	141	4.0	133	1.71	80.49600000000001	87.822	7.335
354	T0644TS330_4-D1.lga:SUMMARY(GDT)	141	141	4.0	133	1.62	81.915	88.29899999999999	7.733
355	T0644TS330_5-D1.lga:SUMMARY(GDT)	141	141	4.0	134	1.54	84.04299999999999	89.641	8.187999999999999
356	T0644TS333_1-D1.lga:SUMMARY(GDT)	141	141	4.0	129	1.82	76.596	82.788	6.707999999999999
357	T0644TS333_2-D1.lga:SUMMARY(GDT)	141	141	4.0	131	1.88	75.355	83.061	6.632000000000001
358	T0644TS333_3-D1.lga:SUMMARY(GDT)	141	141	4.0	128	1.75	76.418	81.71300000000001	6.936
359	T0644TS333_4-D1.lga:SUMMARY(GDT)	141	141	4.0	121	1.93	71.09899999999999	76.782	5.962999999999999
360	T0644TS333_5-D1.lga:SUMMARY(GDT)	141	141	4.0	130	1.95	75.0	81.029	6.351
361	T0644TS335_1-D1.lga:SUMMARY(GDT)	141	141	4.0	123	1.9	72.163	78.02199999999999	6.16
362	T0644TS335_2-D1.lga:SUMMARY(GDT)	141	141	4.0	122	1.76	73.05	78.74	6.5489999999999995
363	T0644TS335_3-D1.lga:SUMMARY(GDT)	141	141	4.0	123	1.87	72.163	78.288	6.251
364	T0644TS335_4-D1.lga:SUMMARY(GDT)	141	141	4.0	123	1.87	72.518	78.382	6.2410000000000005
365	T0644TS335_5-D1.lga:SUMMARY(GDT)	141	141	4.0	123	1.74	74.82300000000001	80.634	6.682
366	T0644TS341_1-D1.lga:SUMMARY(GDT)	141	141	4.0	129	2.18	69.858	73.244	5.664
367	T0644TS341_2-D1.lga:SUMMARY(GDT)	141	141	4.0	128	2.07	72.163	77.45100000000001	5.9
368	T0644TS341_3-D1.lga:SUMMARY(GDT)	141	141	4.0	117	2.09	68.085	69.34899999999999	5.353
369	T0644TS341_4-D1.lga:SUMMARY(GDT)	141	141	4.0	118	1.68	72.163	76.45	6.6129999999999995
370	T0644TS341_5-D1.lga:SUMMARY(GDT)	141	141	4.0	129	1.82	77.482	84.21799999999999	6.732
371	T0644TS343_1-D1.lga:SUMMARY(GDT)	141	141	4.0	128	1.59	78.191	83.61	7.593
372	T0644TS344_1-D1.lga:SUMMARY(GDT)	141	141	4.0	134	1.76	79.965	86.83200000000001	7.194
373	T0644TS344_2-D1.lga:SUMMARY(GDT)	141	141	4.0	134	1.76	79.965	86.83200000000001	7.194
374	T0644TS348_1-D1.lga:SUMMARY(GDT)	141	141	4.0	129	1.69	77.66	84.76700000000001	7.221
375	T0644TS350_1-D1.lga:SUMMARY(GDT)	141	141	4.0	132	1.53	81.383	88.178	8.088
376	T0644TS350_2-D1.lga:SUMMARY(GDT)	141	141	4.0	132	1.59	83.156	88.575	7.803
377	T0644TS350_3-D1.lga:SUMMARY(GDT)	141	141	4.0	134	1.75	83.333	88.993	7.255
378	T0644TS350_4-D1.lga:SUMMARY(GDT)	141	141	4.0	126	2.04	71.986	76.235	5.896
379	T0644TS350_5-D1.lga:SUMMARY(GDT)	141	141	4.0	133	1.71	80.49600000000001	87.822	7.335
380	T0644TS365_1-D1.lga:SUMMARY(GDT)	141	141	4.0	129	1.39	85.28399999999999	89.402	8.681000000000001
381	T0644TS365_2-D1.lga:SUMMARY(GDT)	141	141	4.0	129	1.3	82.979	88.946	9.19
382	T0644TS365_3-D1.lga:SUMMARY(GDT)	141	141	4.0	129	1.3	82.979	88.86200000000001	9.187999999999999
383	T0644TS365_4-D1.lga:SUMMARY(GDT)	141	141	4.0	129	1.32	82.801	88.618	9.081
384	T0644TS365_5-D1.lga:SUMMARY(GDT)	141	141	4.0	129	1.39	81.028	87.87	8.655
385	T0644TS370_1-D1.lga:SUMMARY(GDT)	141	141	4.0	56	1.83	39.716	36.071	2.897
386	T0644TS373_1-D1.lga:SUMMARY(GDT)	141	141	4.0	116	2.1	66.844	60.618	5.274
387	T0644TS373_2-D1.lga:SUMMARY(GDT)	141	141	4.0	125	1.9	72.872	72.329	6.254
388	T0644TS373_3-D1.lga:SUMMARY(GDT)	141	141	4.0	114	2.32	62.233999999999995	56.422	4.717
389	T0644TS373_4-D1.lga:SUMMARY(GDT)	141	141	4.0	121	2.22	65.957	58.548	5.218
390	T0644TS373_5-D1.lga:SUMMARY(GDT)	141	141	4.0	128	1.99	72.872	75.46600000000001	6.122000000000001
391	T0644TS375_1-D1.lga:SUMMARY(GDT)	129	141	4.0	60	1.92	41.843999999999994	35.238	2.968
392	T0644TS376_1-D1.lga:SUMMARY(GDT)	139	141	4.0	17	2.8	12.057	10.083	0.586
393	T0644TS376_2-D1.lga:SUMMARY(GDT)	141	141	4.0	21	2.69	13.298	11.467	0.754
394	T0644TS376_3-D1.lga:SUMMARY(GDT)	141	141	4.0	16	2.81	12.943	10.878	0.5489999999999999
395	T0644TS376_4-D1.lga:SUMMARY(GDT)	141	141	4.0	15	2.61	12.057	10.173	0.5539999999999999
396	T0644TS376_5-D1.lga:SUMMARY(GDT)	141	141	4.0	15	3.18	12.411	10.186	0.45799999999999996
397	T0644TS388_1-D1.lga:SUMMARY(GDT)	141	141	4.0	129	1.3	82.979	88.86200000000001	9.187999999999999
398	T0644TS388_2-D1.lga:SUMMARY(GDT)	141	141	4.0	134	1.75	83.333	88.993	7.255
399	T0644TS388_3-D1.lga:SUMMARY(GDT)	141	141	4.0	54	3.09	37.943000000000005	33.031	1.694
400	T0644TS388_4-D1.lga:SUMMARY(GDT)	141	141	4.0	129	1.32	82.801	88.618	9.081
401	T0644TS388_5-D1.lga:SUMMARY(GDT)	141	141	4.0	129	1.3	82.979	88.946	9.19
402	T0644TS405_1-D1.lga:SUMMARY(GDT)	141	141	4.0	129	1.33	83.51100000000001	88.729	8.993
403	T0644TS405_2-D1.lga:SUMMARY(GDT)	141	141	4.0	128	1.39	80.142	86.693	8.606
404	T0644TS405_3-D1.lga:SUMMARY(GDT)	141	141	4.0	129	1.31	82.979	88.79	9.151
405	T0644TS405_4-D1.lga:SUMMARY(GDT)	141	141	4.0	129	1.35	82.447	88.15899999999999	8.902000000000001
406	T0644TS405_5-D1.lga:SUMMARY(GDT)	141	141	4.0	129	1.35	82.447	88.15899999999999	8.902000000000001
407	T0644TS411_1-D1.lga:SUMMARY(GDT)	129	141	4.0	124	1.53	78.546	84.26700000000001	7.626
408	T0644TS411_2-D1.lga:SUMMARY(GDT)	133	141	4.0	70	2.13	48.227	43.483000000000004	3.139
409	T0644TS411_3-D1.lga:SUMMARY(GDT)	123	141	4.0	53	2.17	34.22	30.955	2.333
410	T0644TS411_4-D1.lga:SUMMARY(GDT)	128	141	4.0	55	2.09	37.056999999999995	33.051	2.513
411	T0644TS411_5-D1.lga:SUMMARY(GDT)	123	141	4.0	55	2.58	34.929	31.645	2.049
412	T0644TS413_1-D1.lga:SUMMARY(GDT)	141	141	4.0	54	2.11	36.348	31.392	2.444
413	T0644TS413_2-D1.lga:SUMMARY(GDT)	141	141	4.0	54	2.65	38.475	32.029	1.962
414	T0644TS413_3-D1.lga:SUMMARY(GDT)	141	141	4.0	53	2.82	33.333	27.588	1.818
415	T0644TS413_4-D1.lga:SUMMARY(GDT)	141	141	4.0	35	2.66	20.566999999999997	18.033	1.2670000000000001
416	T0644TS413_5-D1.lga:SUMMARY(GDT)	141	141	4.0	34	2.58	23.226999999999997	19.576	1.271
417	T0644TS419_1-D1.lga:SUMMARY(GDT)	141	141	4.0	125	1.89	74.113	78.16	6.268
418	T0644TS419_2-D1.lga:SUMMARY(GDT)	141	141	4.0	55	2.68	35.816	30.486	1.9809999999999999
419	T0644TS419_3-D1.lga:SUMMARY(GDT)	141	141	4.0	53	2.75	34.397	29.373	1.858
420	T0644TS419_4-D1.lga:SUMMARY(GDT)	141	141	4.0	62	2.25	39.361999999999995	34.650999999999996	2.636
421	T0644TS419_5-D1.lga:SUMMARY(GDT)	141	141	4.0	47	2.63	29.255	24.998	1.719
422	T0644TS420_1-D1.lga:SUMMARY(GDT)	141	141	4.0	33	2.43	20.745	18.858	1.305
423	T0644TS420_2-D1.lga:SUMMARY(GDT)	141	141	4.0	36	2.49	25.355	22.061999999999998	1.389
424	T0644TS420_3-D1.lga:SUMMARY(GDT)	141	141	4.0	37	1.98	24.468000000000004	22.396	1.7830000000000001
425	T0644TS420_4-D1.lga:SUMMARY(GDT)	141	141	4.0	35	1.83	25.177	22.706	1.814
426	T0644TS420_5-D1.lga:SUMMARY(GDT)	141	141	4.0	46	2.56	30.851	26.701	1.7280000000000002
427	T0644TS424_1-D1.lga:SUMMARY(GDT)	141	141	4.0	125	1.81	74.468	79.85600000000001	6.553
428	T0644TS424_2-D1.lga:SUMMARY(GDT)	141	141	4.0	129	1.83	77.837	81.752	6.692
429	T0644TS424_3-D1.lga:SUMMARY(GDT)	141	141	4.0	128	2.08	72.695	77.748	5.865
430	T0644TS424_4-D1.lga:SUMMARY(GDT)	141	141	4.0	131	1.71	81.56	87.18299999999999	7.242000000000001
431	T0644TS424_5-D1.lga:SUMMARY(GDT)	141	141	4.0	124	1.93	73.582	78.029	6.106
432	T0644TS428_1-D1.lga:SUMMARY(GDT)	141	141	4.0	129	1.3	82.979	88.946	9.19
433	T0644TS428_2-D1.lga:SUMMARY(GDT)	141	141	4.0	129	1.3	82.979	88.86200000000001	9.187999999999999
434	T0644TS428_3-D1.lga:SUMMARY(GDT)	141	141	4.0	129	1.32	82.801	88.618	9.081
435	T0644TS428_4-D1.lga:SUMMARY(GDT)	141	141	4.0	129	1.39	81.028	87.87	8.655
436	T0644TS428_5-D1.lga:SUMMARY(GDT)	141	141	4.0	127	1.41	82.624	87.961	8.432
437	T0644TS430_1-D1.lga:SUMMARY(GDT)	141	141	4.0	129	1.49	79.78699999999999	85.385	8.113
438	T0644TS433_1-D1.lga:SUMMARY(GDT)	141	141	4.0	18	2.53	13.120999999999999	11.082	0.685
439	T0644TS433_2-D1.lga:SUMMARY(GDT)	141	141	4.0	17	2.15	13.120999999999999	11.008	0.757
440	T0644TS433_3-D1.lga:SUMMARY(GDT)	141	141	4.0	21	2.68	12.943	11.411	0.7559999999999999
441	T0644TS433_4-D1.lga:SUMMARY(GDT)	141	141	4.0	15	1.95	11.702	10.091000000000001	0.732
442	T0644TS433_5-D1.lga:SUMMARY(GDT)	141	141	4.0	23	2.85	16.844	13.798	0.78
443	T0644TS434_1-D1.lga:SUMMARY(GDT)	141	141	4.0	123	2.02	71.09899999999999	76.12899999999999	5.815
444	T0644TS434_2-D1.lga:SUMMARY(GDT)	141	141	4.0	129	1.3	82.979	88.86200000000001	9.187999999999999
445	T0644TS434_3-D1.lga:SUMMARY(GDT)	141	141	4.0	128	1.59	78.191	83.61	7.593
446	T0644TS434_4-D1.lga:SUMMARY(GDT)	140	141	4.0	122	1.37	77.837	82.37700000000001	8.276
447	T0644TS434_5-D1.lga:SUMMARY(GDT)	141	141	4.0	129	1.49	79.78699999999999	85.385	8.113
448	T0644TS435_1-D1.lga:SUMMARY(GDT)	141	141	4.0	122	1.12	83.156	85.124	10.002
449	T0644TS435_2-D1.lga:SUMMARY(GDT)	141	141	4.0	123	1.26	79.255	84.001	9.023
450	T0644TS435_3-D1.lga:SUMMARY(GDT)	141	141	4.0	123	1.31	80.49600000000001	83.74700000000001	8.738999999999999
451	T0644TS437_1-D1.lga:SUMMARY(GDT)	130	141	4.0	124	1.54	76.95	82.83200000000001	7.546
452	T0644TS437_2-D1.lga:SUMMARY(GDT)	130	141	4.0	123	1.56	76.241	82.23100000000001	7.402
453	T0644TS437_3-D1.lga:SUMMARY(GDT)	130	141	4.0	123	1.6	75.532	81.452	7.236000000000001
454	T0644TS437_4-D1.lga:SUMMARY(GDT)	119	141	4.0	118	1.6	71.631	77.604	6.933
455	T0644TS437_5-D1.lga:SUMMARY(GDT)	130	141	4.0	63	2.14	40.426	34.598	2.81
456	T0644TS439_1-D1.lga:SUMMARY(GDT)	141	141	4.0	124	1.48	79.255	82.36200000000001	7.867000000000001
457	T0644TS439_2-D1.lga:SUMMARY(GDT)	141	141	4.0	123	1.37	79.965	83.197	8.35
458	T0644TS439_3-D1.lga:SUMMARY(GDT)	141	141	4.0	121	1.78	73.582	77.817	6.4239999999999995
459	T0644TS439_4-D1.lga:SUMMARY(GDT)	141	141	4.0	122	1.55	76.241	80.23	7.392
460	T0644TS439_5-D1.lga:SUMMARY(GDT)	141	141	4.0	122	1.59	74.82300000000001	79.61	7.216
461	T0644TS448_1-D1.lga:SUMMARY(GDT)	141	141	4.0	25	2.83	14.539000000000001	12.967	0.852
462	T0644TS448_2-D1.lga:SUMMARY(GDT)	141	141	4.0	25	2.72	16.844	14.128	0.8859999999999999
463	T0644TS448_3-D1.lga:SUMMARY(GDT)	141	141	4.0	26	2.79	17.021	14.11	0.899
464	T0644TS453_1-D1.lga:SUMMARY(GDT)	141	141	4.0	121	1.57	79.078	82.471	7.226
465	T0644TS453_2-D1.lga:SUMMARY(GDT)	141	141	4.0	127	1.39	83.51100000000001	88.64399999999999	8.541
466	T0644TS453_3-D1.lga:SUMMARY(GDT)	141	141	4.0	126	1.39	81.56	87.669	8.434
467	T0644TS453_4-D1.lga:SUMMARY(GDT)	141	141	4.0	126	1.37	82.979	88.104	8.577
468	T0644TS453_5-D1.lga:SUMMARY(GDT)	141	141	4.0	130	1.45	84.574	89.275	8.363999999999999
469	T0644TS456_1-D1.lga:SUMMARY(GDT)	133	141	4.0	70	2.13	48.227	43.483000000000004	3.139
470	T0644TS456_2-D1.lga:SUMMARY(GDT)	129	141	4.0	124	1.53	78.546	84.26700000000001	7.626
471	T0644TS456_3-D1.lga:SUMMARY(GDT)	123	141	4.0	53	2.17	34.22	30.955	2.333
472	T0644TS456_4-D1.lga:SUMMARY(GDT)	128	141	4.0	55	2.09	37.056999999999995	33.051	2.513
473	T0644TS456_5-D1.lga:SUMMARY(GDT)	123	141	4.0	55	2.58	34.929	31.645	2.049
474	T0644TS457_1-D1.lga:SUMMARY(GDT)	141	141	4.0	129	1.4	80.67399999999999	86.45299999999999	8.575
475	T0644TS458_1-D1.lga:SUMMARY(GDT)	141	141	4.0	126	1.34	83.156	88.48899999999999	8.751
476	T0644TS462_1-D1.lga:SUMMARY(GDT)	141	141	4.0	15	1.79	12.411	10.873	0.792
477	T0644TS463_1-D1.lga:SUMMARY(GDT)	141	141	4.0	57	2.48	36.702	31.715999999999998	2.2119999999999997
478	T0644TS463_2-D1.lga:SUMMARY(GDT)	141	141	4.0	56	1.95	37.589	33.465	2.7260000000000004
479	T0644TS463_3-D1.lga:SUMMARY(GDT)	141	141	4.0	57	2.14	37.589	33.516999999999996	2.548
480	T0644TS463_4-D1.lga:SUMMARY(GDT)	141	141	4.0	23	2.48	19.326	15.812000000000001	0.89
481	T0644TS463_5-D1.lga:SUMMARY(GDT)	141	141	4.0	19	2.87	14.184000000000001	11.589	0.639
482	T0644TS464_1-D1.lga:SUMMARY(GDT)	129	141	4.0	63	2.71	36.879	32.039	2.245
483	T0644TS471_1-D1.lga:SUMMARY(GDT)	129	141	4.0	120	1.47	74.113	80.363	7.649
484	T0644TS473_1-D1.lga:SUMMARY(GDT)	141	141	4.0	127	1.33	82.447	88.166	8.851
485	T0644TS473_2-D1.lga:SUMMARY(GDT)	141	141	4.0	126	1.31	81.56	84.666	8.931000000000001
486	T0644TS473_3-D1.lga:SUMMARY(GDT)	141	141	4.0	129	1.32	82.801	88.618	9.081
487	T0644TS473_4-D1.lga:SUMMARY(GDT)	141	141	4.0	129	1.39	81.028	87.87	8.655
488	T0644TS473_5-D1.lga:SUMMARY(GDT)	141	141	4.0	129	1.39	80.851	87.485	8.645
489	T0644TS474_1-D1.lga:SUMMARY(GDT)	141	141	4.0	66	2.14	39.539	34.510999999999996	2.945
490	T0644TS474_2-D1.lga:SUMMARY(GDT)	141	141	4.0	132	1.57	81.915	88.676	7.892
491	T0644TS474_3-D1.lga:SUMMARY(GDT)	141	141	4.0	50	2.66	31.915	27.250999999999998	1.8119999999999998
492	T0644TS474_4-D1.lga:SUMMARY(GDT)	141	141	4.0	69	2.74	46.099	39.27	2.431
493	T0644TS475_1-D1.lga:SUMMARY(GDT)	141	141	4.0	124	1.25	82.624	85.553	9.219
494	T0644TS475_2-D1.lga:SUMMARY(GDT)	141	141	4.0	124	1.25	83.865	86.51700000000001	9.154
495	T0644TS475_3-D1.lga:SUMMARY(GDT)	141	141	4.0	129	1.4	84.574	89.277	8.618
496	T0644TS475_4-D1.lga:SUMMARY(GDT)	141	141	4.0	125	1.8	76.064	80.425	6.593999999999999
497	T0644TS475_5-D1.lga:SUMMARY(GDT)	141	141	4.0	126	2.03	71.986	75.749	5.902
498	T0644TS476_1-D1.lga:SUMMARY(GDT)	141	141	4.0	58	2.35	37.411	33.023	2.364
499	T0644TS476_2-D1.lga:SUMMARY(GDT)	141	141	4.0	58	2.28	37.766	33.012	2.441
500	T0644TS476_3-D1.lga:SUMMARY(GDT)	141	141	4.0	59	2.38	36.879	32.614000000000004	2.379
501	T0644TS476_4-D1.lga:SUMMARY(GDT)	141	141	4.0	56	2.31	37.234	32.57	2.3209999999999997
502	T0644TS477_1-D1.lga:SUMMARY(GDT)	141	141	4.0	130	1.66	77.837	85.616	7.392
503	T0644TS477_2-D1.lga:SUMMARY(GDT)	141	141	4.0	131	1.7	76.95	82.51299999999999	7.28
504	T0644TS477_3-D1.lga:SUMMARY(GDT)	141	141	4.0	132	1.37	84.397	89.536	8.953
505	T0644TS477_4-D1.lga:SUMMARY(GDT)	141	141	4.0	130	1.44	80.49600000000001	87.45299999999999	8.415
506	T0644TS477_5-D1.lga:SUMMARY(GDT)	141	141	4.0	134	1.75	83.333	88.993	7.255
507	T0644TS479_1-D1.lga:SUMMARY(GDT)	141	141	4.0	131	1.63	80.142	86.756	7.558
508	T0644TS479_2-D1.lga:SUMMARY(GDT)	141	141	4.0	131	1.69	80.67399999999999	87.77600000000001	7.313
509	T0644TS479_3-D1.lga:SUMMARY(GDT)	141	141	4.0	125	1.48	81.206	83.76899999999999	7.89
510	T0644TS479_4-D1.lga:SUMMARY(GDT)	141	141	4.0	127	1.67	80.851	84.414	7.16
511	T0644TS479_5-D1.lga:SUMMARY(GDT)	141	141	4.0	130	1.7	78.90100000000001	86.09700000000001	7.21
512	T0644TS481_1-D1.lga:SUMMARY(GDT)	141	141	4.0	129	1.48	80.49600000000001	87.064	8.161
513	T0644TS486_1-D1.lga:SUMMARY(GDT)	141	141	4.0	124	1.73	74.468	79.512	6.766
514	T0644TS488_1-D1.lga:SUMMARY(GDT)	141	141	4.0	117	1.95	69.681	66.148	5.704
515	T0644TS488_2-D1.lga:SUMMARY(GDT)	141	141	4.0	128	1.75	77.482	82.884	6.9110000000000005
516	T0644TS488_3-D1.lga:SUMMARY(GDT)	141	141	4.0	130	1.89	76.241	82.818	6.52
517	T0644TS488_4-D1.lga:SUMMARY(GDT)	141	141	4.0	130	1.89	76.241	82.818	6.52
518	T0644TS488_5-D1.lga:SUMMARY(GDT)	141	141	4.0	131	1.83	78.369	85.286	6.792999999999999
519	T0644TS489_1-D1.lga:SUMMARY(GDT)	141	141	4.0	129	1.34	82.624	88.639	8.96
520	T0644TS489_2-D1.lga:SUMMARY(GDT)	141	141	4.0	129	1.3	82.979	88.7	9.192
521	T0644TS489_3-D1.lga:SUMMARY(GDT)	141	141	4.0	129	1.34	82.624	88.501	8.981
522	T0644TS489_4-D1.lga:SUMMARY(GDT)	141	141	4.0	129	1.32	82.624	88.492	9.062999999999999
523	T0644TS489_5-D1.lga:SUMMARY(GDT)	141	141	4.0	129	1.51	79.78699999999999	86.616	8.014
524	T0644TS490_1-D1.lga:SUMMARY(GDT)	141	141	4.0	125	1.45	82.624	86.87	8.082
525	T0644TS490_2-D1.lga:SUMMARY(GDT)	141	141	4.0	125	1.39	81.028	85.429	8.377
526	T0644TS490_3-D1.lga:SUMMARY(GDT)	141	141	4.0	126	1.68	75.355	83.527	7.064
527	T0644TS490_4-D1.lga:SUMMARY(GDT)	141	141	4.0	121	1.24	78.90100000000001	82.19200000000001	9.02
528	T0644TS490_5-D1.lga:SUMMARY(GDT)	141	141	4.0	54	2.39	33.156	28.28	2.168
529	T0644TS492_1-D1.lga:SUMMARY(GDT)	141	141	4.0	55	2.48	35.993	31.484	2.13
530	T0644TS492_2-D1.lga:SUMMARY(GDT)	141	141	4.0	54	3.09	37.943000000000005	33.031	1.694
531	T0644TS492_3-D1.lga:SUMMARY(GDT)	141	141	4.0	53	2.57	34.929	30.628	1.982
532	T0644TS492_4-D1.lga:SUMMARY(GDT)	141	141	4.0	57	2.3	37.943000000000005	33.806	2.374
533	T0644TS492_5-D1.lga:SUMMARY(GDT)	141	141	4.0	62	3.02	39.539	34.027	1.989
534	T0644TS493_1-D1.lga:SUMMARY(GDT)	141	141	4.0	124	1.59	75.887	81.378	7.343999999999999
535	T0644TS493_2-D1.lga:SUMMARY(GDT)	141	141	4.0	124	1.54	77.66	82.17	7.545
536	T0644TS493_3-D1.lga:SUMMARY(GDT)	141	141	4.0	124	1.56	77.128	81.945	7.472
537	T0644TS493_4-D1.lga:SUMMARY(GDT)	141	141	4.0	124	1.53	77.837	82.45100000000001	7.6129999999999995
538	T0644TS493_5-D1.lga:SUMMARY(GDT)	141	141	4.0	122	1.8	72.872	77.943	6.4110000000000005
539	T0644TS494_1-D1.lga:SUMMARY(GDT)	136	141	4.0	52	2.09	35.461	30.646	2.373
540	T0644TS494_2-D1.lga:SUMMARY(GDT)	130	141	4.0	54	2.27	34.043	29.545	2.281
541	T0644TS494_3-D1.lga:SUMMARY(GDT)	127	141	4.0	52	2.2	31.738000000000003	27.601	2.26
542	T0644TS494_4-D1.lga:SUMMARY(GDT)	127	141	4.0	55	2.24	32.979	28.631	2.35
543	T0644TS494_5-D1.lga:SUMMARY(GDT)	130	141	4.0	52	2.52	31.738000000000003	27.397	1.983
544	T0644TS498_1-D1.lga:SUMMARY(GDT)	141	141	4.0	54	2.0	35.816	30.728	2.5669999999999997
545	T0644TS498_2-D1.lga:SUMMARY(GDT)	141	141	4.0	55	2.27	34.397	30.11	2.318
546	T0644TS498_3-D1.lga:SUMMARY(GDT)	141	141	4.0	54	1.97	35.638000000000005	31.338	2.613
547	T0644TS498_4-D1.lga:SUMMARY(GDT)	141	141	4.0	53	2.16	34.043	29.099	2.343
548	T0644TS498_5-D1.lga:SUMMARY(GDT)	141	141	4.0	52	1.91	35.461	30.877	2.5839999999999996
