ALA	E,4,1,2,1	1165
ALA	H,1,1,1,1	26279
ALA	E,3,2,3,2	995
ALA	H,1,5,1,4	1280
ALA	E,2,4,2,2	739
ALA	C,4,1,2,1	400
ALA	E,4,5,2,4	945
ALA	C,2,3,2,3	1888
ALA	C,2,2,2,2	7864
ALA	C,5,1,4,1	448
ALA	E,2,3,2,3	1434
ALA	C,5,4,4,2	798
ALA	H,2,5,2,4	1968
ALA	C,4,4,2,2	1086
ALA	H,3,2,3,2	1576
ALA	H,2,2,2,2	1009
ALA	E,5,5,4,4	1540
ALA	C,5,5,4,4	1746
ALA	E,1,2,1,2	316
ALA	E,3,1,3,1	1167
ALA	H,3,5,3,4	1582
ALA	H,4,5,2,4	1445
ALA	H,3,3,3,3	2870
ALA	C,3,2,3,2	3354
ALA	E,1,3,1,3	1057
ALA	H,1,4,1,2	322
ALA	C,2,1,2,1	492
ALA	C,3,4,3,2	1219
ALA	H,4,1,2,1	11249
ALA	H,3,4,3,2	329
ALA	H,5,5,4,4	2467
ALA	C,1,2,1,2	2215
ALA	H,5,3,4,3	1206
ALA	E,1,4,1,2	912
ALA	C,3,3,3,3	1711
ALA	E,1,5,1,4	1017
ALA	C,4,2,2,2	3348
ALA	E,3,5,3,4	962
ALA	H,5,4,4,2	272
ALA	E,5,2,4,2	1007
ALA	H,5,2,4,2	386
ALA	C,4,3,2,3	807
ALA	C,2,4,2,2	2053
ALA	E,1,1,1,1	1494
ALA	H,4,3,2,3	1378
ALA	C,1,4,1,2	613
ALA	H,2,3,2,3	863
ALA	C,2,5,2,4	2186
ALA	H,2,4,2,2	226
ALA	E,2,5,2,4	1474
ALA	E,3,3,3,3	1579
ALA	E,5,1,4,1	1145
ALA	E,4,4,2,2	804
ALA	H,4,4,2,2	287
ALA	H,3,1,3,1	9685
ALA	H,5,1,4,1	11753
ALA	C,3,1,3,1	539
ALA	C,4,5,2,4	1096
ALA	E,5,3,4,3	1144
ALA	C,1,3,1,3	884
ALA	H,1,3,1,3	3392
ALA	C,1,5,1,4	1069
ALA	C,5,2,4,2	3667
ALA	H,4,2,2,2	402
ALA	E,4,2,2,2	966
ALA	E,2,2,2,2	2003
ALA	E,4,3,2,3	1385
ALA	E,5,4,4,2	645
ALA	C,5,3,4,3	914
ALA	C,3,5,3,4	1040
ALA	E,3,4,3,2	758
ALA	E,2,1,2,1	670
ALA	C,1,1,1,1	468
ALA	H,2,1,2,1	177
ALA	H,1,2,1,2	649
ARG	E,4,1,2,1	674
ARG	H,1,1,1,1	11931
ARG	E,3,2,3,2	656
ARG	H,1,5,1,4	830
ARG	E,2,4,2,2	514
ARG	C,4,1,2,1	307
ARG	E,4,5,2,4	813
ARG	C,2,3,2,3	1509
ARG	C,2,2,2,2	5531
ARG	C,5,1,4,1	328
ARG	C,5,4,4,2	539
ARG	E,2,3,2,3	868
ARG	H,2,5,2,4	946
ARG	C,4,4,2,2	925
ARG	H,3,2,3,2	710
ARG	H,2,2,2,2	666
ARG	E,5,5,4,4	1222
ARG	C,5,5,4,4	1021
ARG	E,1,2,1,2	269
ARG	E,3,1,3,1	856
ARG	H,3,5,3,4	749
ARG	H,4,5,2,4	689
ARG	H,3,3,3,3	1568
ARG	C,3,2,3,2	2234
ARG	E,1,3,1,3	685
ARG	H,1,4,1,2	217
ARG	C,2,1,2,1	365
ARG	C,3,4,3,2	806
ARG	H,4,1,2,1	5650
ARG	H,3,4,3,2	178
ARG	H,5,5,4,4	1336
ARG	C,1,2,1,2	1180
ARG	H,5,3,4,3	655
ARG	E,1,4,1,2	527
ARG	E,1,5,1,4	835
ARG	C,3,3,3,3	1156
ARG	C,4,2,2,2	2549
ARG	H,5,4,4,2	166
ARG	E,3,5,3,4	901
ARG	E,5,2,4,2	686
ARG	C,4,3,2,3	749
ARG	H,5,2,4,2	274
ARG	C,2,4,2,2	1412
ARG	H,4,3,2,3	914
ARG	E,1,1,1,1	940
ARG	C,2,5,2,4	1467
ARG	C,1,4,1,2	378
ARG	H,2,3,2,3	519
ARG	H,2,4,2,2	183
ARG	E,2,5,2,4	1241
ARG	E,5,1,4,1	763
ARG	E,3,3,3,3	1053
ARG	E,4,4,2,2	507
ARG	H,4,4,2,2	167
ARG	H,3,1,3,1	4712
ARG	H,5,1,4,1	5936
ARG	C,3,1,3,1	350
ARG	C,4,5,2,4	755
ARG	C,1,3,1,3	586
ARG	E,5,3,4,3	855
ARG	H,1,3,1,3	1698
ARG	C,1,5,1,4	671
ARG	C,5,2,4,2	2252
ARG	H,4,2,2,2	263
ARG	E,4,2,2,2	557
ARG	E,2,2,2,2	1475
ARG	E,4,3,2,3	842
ARG	E,5,4,4,2	523
ARG	C,3,5,3,4	686
ARG	C,5,3,4,3	726
ARG	C,1,1,1,1	221
ARG	E,3,4,3,2	591
ARG	E,2,1,2,1	446
ARG	H,2,1,2,1	118
ARG	H,1,2,1,2	330
ASN	E,4,1,2,1	406
ASN	H,1,1,1,1	5436
ASN	E,3,2,3,2	737
ASN	E,2,4,2,2	375
ASN	H,1,5,1,4	528
ASN	C,4,1,2,1	164
ASN	E,4,5,2,4	314
ASN	C,2,3,2,3	1771
ASN	C,2,2,2,2	10149
ASN	C,5,1,4,1	198
ASN	C,5,4,4,2	681
ASN	E,2,3,2,3	538
ASN	H,2,5,2,4	739
ASN	C,4,4,2,2	1523
ASN	H,3,2,3,2	664
ASN	H,2,2,2,2	918
ASN	E,5,5,4,4	544
ASN	C,5,5,4,4	832
ASN	E,1,2,1,2	274
ASN	E,3,1,3,1	378
ASN	H,3,5,3,4	479
ASN	H,4,5,2,4	330
ASN	H,3,3,3,3	828
ASN	C,3,2,3,2	3110
ASN	E,1,3,1,3	449
ASN	H,1,4,1,2	205
ASN	C,2,1,2,1	306
ASN	C,3,4,3,2	960
ASN	H,4,1,2,1	2516
ASN	H,3,4,3,2	187
ASN	H,5,5,4,4	867
ASN	H,5,3,4,3	432
ASN	C,1,2,1,2	1933
ASN	E,1,4,1,2	251
ASN	C,3,3,3,3	1442
ASN	E,1,5,1,4	356
ASN	C,4,2,2,2	4562
ASN	H,5,4,4,2	219
ASN	E,3,5,3,4	370
ASN	E,5,2,4,2	717
ASN	C,4,3,2,3	898
ASN	H,5,2,4,2	437
ASN	C,2,4,2,2	2377
ASN	E,1,1,1,1	483
ASN	H,4,3,2,3	431
ASN	C,1,4,1,2	512
ASN	H,2,3,2,3	374
ASN	C,2,5,2,4	1630
ASN	H,2,4,2,2	259
ASN	E,2,5,2,4	507
ASN	E,5,1,4,1	336
ASN	E,3,3,3,3	647
ASN	E,4,4,2,2	321
ASN	H,4,4,2,2	256
ASN	H,3,1,3,1	2260
ASN	H,5,1,4,1	3662
ASN	C,3,1,3,1	319
ASN	C,4,5,2,4	489
ASN	C,1,3,1,3	863
ASN	E,5,3,4,3	742
ASN	H,1,3,1,3	837
ASN	C,1,5,1,4	435
ASN	C,5,2,4,2	3543
ASN	H,4,2,2,2	298
ASN	E,4,2,2,2	597
ASN	E,4,3,2,3	556
ASN	E,2,2,2,2	1284
ASN	E,5,4,4,2	260
ASN	C,5,3,4,3	942
ASN	C,3,5,3,4	688
ASN	C,1,1,1,1	146
ASN	E,2,1,2,1	209
ASN	E,3,4,3,2	261
ASN	H,2,1,2,1	57
ASN	H,1,2,1,2	344
ASP	E,4,1,2,1	399
ASP	H,1,1,1,1	8565
ASP	E,3,2,3,2	1031
ASP	E,2,4,2,2	402
ASP	H,1,5,1,4	906
ASP	C,4,1,2,1	248
ASP	E,4,5,2,4	327
ASP	C,2,3,2,3	2393
ASP	C,2,2,2,2	11499
ASP	C,5,1,4,1	272
ASP	C,5,4,4,2	1136
ASP	E,2,3,2,3	730
ASP	H,2,5,2,4	1095
ASP	C,4,4,2,2	1894
ASP	H,3,2,3,2	517
ASP	H,2,2,2,2	614
ASP	E,5,5,4,4	639
ASP	C,5,5,4,4	1066
ASP	E,3,1,3,1	350
ASP	E,1,2,1,2	359
ASP	H,3,5,3,4	644
ASP	H,4,5,2,4	732
ASP	H,3,3,3,3	1429
ASP	C,3,2,3,2	5280
ASP	E,1,3,1,3	591
ASP	H,1,4,1,2	207
ASP	C,2,1,2,1	385
ASP	C,3,4,3,2	2040
ASP	H,4,1,2,1	4530
ASP	H,3,4,3,2	221
ASP	H,5,5,4,4	1556
ASP	H,5,3,4,3	593
ASP	C,1,2,1,2	3156
ASP	E,1,4,1,2	281
ASP	E,1,5,1,4	267
ASP	C,3,3,3,3	2053
ASP	C,4,2,2,2	4875
ASP	H,5,4,4,2	237
ASP	E,3,5,3,4	330
ASP	E,5,2,4,2	1120
ASP	C,4,3,2,3	1110
ASP	H,5,2,4,2	359
ASP	C,2,4,2,2	2886
ASP	E,1,1,1,1	425
ASP	H,4,3,2,3	608
ASP	C,1,4,1,2	955
ASP	C,2,5,2,4	2600
ASP	H,2,3,2,3	419
ASP	H,2,4,2,2	175
ASP	E,2,5,2,4	591
ASP	E,5,1,4,1	325
ASP	E,3,3,3,3	958
ASP	E,4,4,2,2	401
ASP	H,4,4,2,2	213
ASP	H,3,1,3,1	3866
ASP	H,5,1,4,1	6098
ASP	C,4,5,2,4	639
ASP	C,3,1,3,1	626
ASP	E,5,3,4,3	1057
ASP	C,1,3,1,3	1327
ASP	C,1,5,1,4	632
ASP	H,1,3,1,3	1445
ASP	C,5,2,4,2	5745
ASP	H,4,2,2,2	233
ASP	E,4,2,2,2	675
ASP	E,4,3,2,3	842
ASP	E,2,2,2,2	1901
ASP	E,5,4,4,2	233
ASP	C,5,3,4,3	1500
ASP	C,3,5,3,4	1257
ASP	E,3,4,3,2	274
ASP	E,2,1,2,1	197
ASP	C,1,1,1,1	286
ASP	H,1,2,1,2	358
ASP	H,2,1,2,1	101
CYS	E,4,1,2,1	258
CYS	H,1,1,1,1	2076
CYS	E,3,2,3,2	285
CYS	E,2,4,2,2	187
CYS	H,1,5,1,4	137
CYS	C,4,1,2,1	61
CYS	E,4,5,2,4	260
CYS	C,2,3,2,3	339
CYS	C,2,2,2,2	1585
CYS	C,5,1,4,1	63
CYS	C,5,4,4,2	168
CYS	E,2,3,2,3	313
CYS	H,2,5,2,4	174
CYS	C,4,4,2,2	252
CYS	H,3,2,3,2	166
CYS	H,2,2,2,2	164
CYS	E,5,5,4,4	367
CYS	C,5,5,4,4	296
CYS	E,3,1,3,1	320
CYS	E,1,2,1,2	141
CYS	H,3,5,3,4	138
CYS	H,4,5,2,4	73
CYS	H,3,3,3,3	240
CYS	C,3,2,3,2	668
CYS	E,1,3,1,3	271
CYS	H,1,4,1,2	58
CYS	C,2,1,2,1	97
CYS	C,3,4,3,2	215
CYS	H,4,1,2,1	1040
CYS	H,3,4,3,2	53
CYS	H,5,5,4,4	238
CYS	H,5,3,4,3	96
CYS	C,1,2,1,2	406
CYS	E,1,4,1,2	247
CYS	E,1,5,1,4	297
CYS	C,3,3,3,3	300
CYS	C,4,2,2,2	722
CYS	H,5,4,4,2	50
CYS	E,3,5,3,4	362
CYS	E,5,2,4,2	264
CYS	H,5,2,4,2	77
CYS	C,4,3,2,3	212
CYS	C,2,4,2,2	360
CYS	H,4,3,2,3	93
CYS	E,1,1,1,1	386
CYS	C,1,4,1,2	154
CYS	C,2,5,2,4	516
CYS	H,2,3,2,3	82
CYS	H,2,4,2,2	36
CYS	E,2,5,2,4	365
CYS	E,5,1,4,1	280
CYS	E,3,3,3,3	397
CYS	E,4,4,2,2	180
CYS	H,4,4,2,2	48
CYS	H,3,1,3,1	964
CYS	H,5,1,4,1	1036
CYS	C,3,1,3,1	93
CYS	C,4,5,2,4	202
CYS	E,5,3,4,3	322
CYS	C,1,3,1,3	150
CYS	H,1,3,1,3	225
CYS	C,1,5,1,4	154
CYS	C,5,2,4,2	753
CYS	H,4,2,2,2	83
CYS	E,4,2,2,2	248
CYS	E,2,2,2,2	478
CYS	E,4,3,2,3	286
CYS	E,5,4,4,2	226
CYS	C,3,5,3,4	231
CYS	C,5,3,4,3	198
CYS	C,1,1,1,1	57
CYS	E,2,1,2,1	172
CYS	E,3,4,3,2	188
CYS	H,2,1,2,1	26
CYS	H,1,2,1,2	75
GLN	E,4,1,2,1	441
GLN	H,1,1,1,1	9646
GLN	E,3,2,3,2	470
GLN	H,1,5,1,4	636
GLN	E,2,4,2,2	370
GLN	C,4,1,2,1	215
GLN	E,4,5,2,4	420
GLN	C,2,3,2,3	1006
GLN	C,2,2,2,2	4077
GLN	C,5,1,4,1	168
GLN	C,5,4,4,2	394
GLN	E,2,3,2,3	507
GLN	H,2,5,2,4	731
GLN	C,4,4,2,2	519
GLN	H,3,2,3,2	556
GLN	H,2,2,2,2	459
GLN	E,5,5,4,4	759
GLN	C,5,5,4,4	799
GLN	E,1,2,1,2	167
GLN	E,3,1,3,1	539
GLN	H,3,5,3,4	623
GLN	H,4,5,2,4	456
GLN	H,3,3,3,3	1169
GLN	C,3,2,3,2	1620
GLN	E,1,3,1,3	416
GLN	H,1,4,1,2	175
GLN	C,2,1,2,1	250
GLN	C,3,4,3,2	634
GLN	H,4,1,2,1	3914
GLN	H,3,4,3,2	152
GLN	H,5,5,4,4	952
GLN	C,1,2,1,2	925
GLN	H,5,3,4,3	533
GLN	E,1,4,1,2	275
GLN	E,1,5,1,4	414
GLN	C,3,3,3,3	847
GLN	C,4,2,2,2	1704
GLN	H,5,4,4,2	114
GLN	E,3,5,3,4	517
GLN	E,5,2,4,2	512
GLN	C,4,3,2,3	502
GLN	H,5,2,4,2	217
GLN	C,2,4,2,2	952
GLN	H,4,3,2,3	637
GLN	E,1,1,1,1	556
GLN	C,1,4,1,2	267
GLN	C,2,5,2,4	1084
GLN	H,2,3,2,3	421
GLN	H,2,4,2,2	111
GLN	E,2,5,2,4	803
GLN	E,5,1,4,1	461
GLN	E,3,3,3,3	713
GLN	E,4,4,2,2	331
GLN	H,4,4,2,2	112
GLN	H,3,1,3,1	3815
GLN	H,5,1,4,1	4930
GLN	C,3,1,3,1	266
GLN	C,4,5,2,4	524
GLN	C,1,3,1,3	457
GLN	E,5,3,4,3	556
GLN	C,1,5,1,4	502
GLN	H,1,3,1,3	1382
GLN	C,5,2,4,2	1447
GLN	H,4,2,2,2	157
GLN	E,4,2,2,2	308
GLN	E,2,2,2,2	996
GLN	E,4,3,2,3	505
GLN	E,5,4,4,2	336
GLN	C,5,3,4,3	437
GLN	C,3,5,3,4	492
GLN	C,1,1,1,1	206
GLN	E,2,1,2,1	275
GLN	E,3,4,3,2	354
GLN	H,1,2,1,2	297
GLN	H,2,1,2,1	96
GLU	E,4,1,2,1	745
GLU	H,1,1,1,1	17871
GLU	E,3,2,3,2	827
GLU	E,2,4,2,2	498
GLU	H,1,5,1,4	1437
GLU	C,4,1,2,1	318
GLU	E,4,5,2,4	736
GLU	C,2,3,2,3	1873
GLU	C,2,2,2,2	6748
GLU	C,5,1,4,1	428
GLU	C,5,4,4,2	637
GLU	E,2,3,2,3	896
GLU	H,2,5,2,4	1577
GLU	C,4,4,2,2	899
GLU	H,3,2,3,2	821
GLU	H,2,2,2,2	791
GLU	E,5,5,4,4	1286
GLU	C,5,5,4,4	1485
GLU	E,1,2,1,2	238
GLU	E,3,1,3,1	954
GLU	H,3,5,3,4	1116
GLU	H,4,5,2,4	1205
GLU	H,3,3,3,3	2231
GLU	C,3,2,3,2	2968
GLU	E,1,3,1,3	716
GLU	H,1,4,1,2	256
GLU	C,2,1,2,1	434
GLU	C,3,4,3,2	1030
GLU	H,4,1,2,1	7328
GLU	H,3,4,3,2	248
GLU	H,5,5,4,4	2338
GLU	H,5,3,4,3	1120
GLU	C,1,2,1,2	1603
GLU	E,1,4,1,2	515
GLU	E,1,5,1,4	787
GLU	C,3,3,3,3	1557
GLU	C,4,2,2,2	2823
GLU	H,5,4,4,2	278
GLU	E,3,5,3,4	881
GLU	E,5,2,4,2	847
GLU	H,5,2,4,2	409
GLU	C,4,3,2,3	669
GLU	C,2,4,2,2	1582
GLU	H,4,3,2,3	1122
GLU	E,1,1,1,1	977
GLU	C,1,4,1,2	520
GLU	H,2,3,2,3	767
GLU	C,2,5,2,4	1719
GLU	H,2,4,2,2	171
GLU	E,2,5,2,4	1241
GLU	E,5,1,4,1	744
GLU	E,3,3,3,3	1187
GLU	E,4,4,2,2	495
GLU	H,4,4,2,2	226
GLU	H,3,1,3,1	7550
GLU	H,5,1,4,1	11042
GLU	C,4,5,2,4	870
GLU	C,3,1,3,1	473
GLU	C,1,3,1,3	786
GLU	E,5,3,4,3	774
GLU	C,1,5,1,4	926
GLU	H,1,3,1,3	2545
GLU	C,5,2,4,2	2854
GLU	H,4,2,2,2	348
GLU	E,4,2,2,2	561
GLU	E,4,3,2,3	884
GLU	E,2,2,2,2	1649
GLU	E,5,4,4,2	477
GLU	C,3,5,3,4	840
GLU	C,5,3,4,3	782
GLU	C,1,1,1,1	448
GLU	E,3,4,3,2	588
GLU	E,2,1,2,1	436
GLU	H,2,1,2,1	136
GLU	H,1,2,1,2	450
GLY	E,4,1,2,1	592
GLY	H,1,1,1,1	6315
GLY	E,3,2,3,2	728
GLY	H,1,5,1,4	577
GLY	E,2,4,2,2	1502
GLY	C,4,1,2,1	828
GLY	E,4,5,2,4	597
GLY	C,2,3,2,3	6902
GLY	C,2,2,2,2	28887
GLY	C,5,1,4,1	307
GLY	E,2,3,2,3	1045
GLY	C,5,4,4,2	811
GLY	H,2,5,2,4	881
GLY	C,4,4,2,2	3449
GLY	H,3,2,3,2	450
GLY	H,2,2,2,2	1355
GLY	E,5,5,4,4	733
GLY	C,5,5,4,4	1096
GLY	E,1,2,1,2	297
GLY	E,3,1,3,1	515
GLY	H,3,5,3,4	364
GLY	H,4,5,2,4	465
GLY	H,3,3,3,3	689
GLY	C,3,2,3,2	3703
GLY	E,1,3,1,3	429
GLY	H,1,4,1,2	190
GLY	C,2,1,2,1	993
GLY	C,3,4,3,2	805
GLY	H,4,1,2,1	3155
GLY	H,3,4,3,2	194
GLY	H,5,5,4,4	1165
GLY	H,5,3,4,3	337
GLY	C,1,2,1,2	1728
GLY	E,1,4,1,2	598
GLY	E,1,5,1,4	376
GLY	C,3,3,3,3	1255
GLY	C,4,2,2,2	11373
GLY	E,3,5,3,4	470
GLY	H,5,4,4,2	215
GLY	E,5,2,4,2	949
GLY	H,5,2,4,2	259
GLY	C,4,3,2,3	8387
GLY	C,2,4,2,2	6469
GLY	H,4,3,2,3	286
GLY	E,1,1,1,1	622
GLY	H,2,3,2,3	319
GLY	C,1,4,1,2	478
GLY	C,2,5,2,4	3901
GLY	H,2,4,2,2	263
GLY	E,2,5,2,4	1056
GLY	E,5,1,4,1	464
GLY	E,3,3,3,3	735
GLY	E,4,4,2,2	1088
GLY	H,4,4,2,2	278
GLY	H,3,1,3,1	2617
GLY	H,5,1,4,1	3642
GLY	C,4,5,2,4	1494
GLY	C,3,1,3,1	262
GLY	C,1,3,1,3	528
GLY	E,5,3,4,3	541
GLY	H,1,3,1,3	606
GLY	C,1,5,1,4	421
GLY	C,5,2,4,2	3663
GLY	H,4,2,2,2	374
GLY	E,4,2,2,2	2187
GLY	E,2,2,2,2	4432
GLY	E,4,3,2,3	729
GLY	E,5,4,4,2	469
GLY	C,5,3,4,3	701
GLY	C,3,5,3,4	643
GLY	E,2,1,2,1	441
GLY	C,1,1,1,1	207
GLY	E,3,4,3,2	505
GLY	H,2,1,2,1	96
GLY	H,1,2,1,2	269
HIS	E,4,1,2,1	423
HIS	H,1,1,1,1	3348
HIS	E,3,2,3,2	485
HIS	H,1,5,1,4	328
HIS	E,2,4,2,2	295
HIS	C,4,1,2,1	153
HIS	E,4,5,2,4	402
HIS	C,2,3,2,3	786
HIS	C,2,2,2,2	3596
HIS	C,5,1,4,1	111
HIS	C,5,4,4,2	281
HIS	E,2,3,2,3	461
HIS	H,2,5,2,4	430
HIS	C,4,4,2,2	577
HIS	H,3,2,3,2	301
HIS	H,2,2,2,2	606
HIS	E,5,5,4,4	555
HIS	C,5,5,4,4	498
HIS	E,1,2,1,2	176
HIS	E,3,1,3,1	485
HIS	H,3,5,3,4	218
HIS	H,4,5,2,4	229
HIS	H,3,3,3,3	465
HIS	C,3,2,3,2	1563
HIS	E,1,3,1,3	336
HIS	H,1,4,1,2	91
HIS	C,2,1,2,1	166
HIS	C,3,4,3,2	420
HIS	H,4,1,2,1	2054
HIS	H,3,4,3,2	104
HIS	H,5,5,4,4	589
HIS	H,5,3,4,3	291
HIS	C,1,2,1,2	687
HIS	E,1,4,1,2	215
HIS	C,3,3,3,3	616
HIS	E,1,5,1,4	370
HIS	C,4,2,2,2	1666
HIS	H,5,4,4,2	145
HIS	E,3,5,3,4	375
HIS	E,5,2,4,2	417
HIS	H,5,2,4,2	184
HIS	C,4,3,2,3	448
HIS	C,2,4,2,2	769
HIS	H,4,3,2,3	293
HIS	E,1,1,1,1	547
HIS	H,2,3,2,3	225
HIS	C,1,4,1,2	226
HIS	C,2,5,2,4	746
HIS	H,2,4,2,2	173
HIS	E,2,5,2,4	538
HIS	E,5,1,4,1	421
HIS	E,3,3,3,3	569
HIS	E,4,4,2,2	242
HIS	H,4,4,2,2	160
HIS	H,3,1,3,1	1760
HIS	H,5,1,4,1	2248
HIS	C,4,5,2,4	409
HIS	C,3,1,3,1	144
HIS	C,1,3,1,3	323
HIS	E,5,3,4,3	388
HIS	C,1,5,1,4	288
HIS	H,1,3,1,3	440
HIS	C,5,2,4,2	1485
HIS	H,4,2,2,2	190
HIS	E,4,2,2,2	338
HIS	E,4,3,2,3	402
HIS	E,2,2,2,2	877
HIS	E,5,4,4,2	259
HIS	C,3,5,3,4	373
HIS	C,5,3,4,3	428
HIS	E,2,1,2,1	231
HIS	C,1,1,1,1	107
HIS	E,3,4,3,2	282
HIS	H,1,2,1,2	135
HIS	H,2,1,2,1	71
ILE	E,4,1,2,1	1658
ILE	H,1,1,1,1	11649
ILE	E,3,2,3,2	1413
ILE	H,1,5,1,4	718
ILE	E,2,4,2,2	725
ILE	C,4,1,2,1	321
ILE	E,4,5,2,4	1046
ILE	C,2,3,2,3	751
ILE	C,2,2,2,2	3402
ILE	C,5,1,4,1	248
ILE	E,2,3,2,3	1178
ILE	C,5,4,4,2	492
ILE	H,2,5,2,4	780
ILE	C,4,4,2,2	563
ILE	H,3,2,3,2	316
ILE	H,2,2,2,2	494
ILE	E,5,5,4,4	3264
ILE	C,5,5,4,4	1204
ILE	E,1,2,1,2	634
ILE	E,3,1,3,1	2751
ILE	H,3,5,3,4	533
ILE	H,4,5,2,4	573
ILE	H,3,3,3,3	847
ILE	C,3,2,3,2	1860
ILE	E,1,3,1,3	2375
ILE	H,1,4,1,2	138
ILE	C,2,1,2,1	263
ILE	C,3,4,3,2	695
ILE	H,4,1,2,1	5631
ILE	H,3,4,3,2	151
ILE	H,5,5,4,4	1248
ILE	H,5,3,4,3	342
ILE	C,1,2,1,2	1152
ILE	E,1,4,1,2	1161
ILE	E,1,5,1,4	1987
ILE	C,3,3,3,3	689
ILE	C,4,2,2,2	1592
ILE	H,5,4,4,2	130
ILE	E,3,5,3,4	1699
ILE	E,5,2,4,2	1399
ILE	H,5,2,4,2	176
ILE	C,4,3,2,3	562
ILE	C,2,4,2,2	795
ILE	H,4,3,2,3	572
ILE	E,1,1,1,1	3840
ILE	H,2,3,2,3	257
ILE	C,1,4,1,2	370
ILE	C,2,5,2,4	1480
ILE	H,2,4,2,2	154
ILE	E,2,5,2,4	1563
ILE	E,5,1,4,1	2257
ILE	E,3,3,3,3	3066
ILE	E,4,4,2,2	634
ILE	H,4,4,2,2	212
ILE	H,3,1,3,1	7582
ILE	H,5,1,4,1	4852
ILE	C,3,1,3,1	311
ILE	C,4,5,2,4	785
ILE	C,1,3,1,3	406
ILE	E,5,3,4,3	1988
ILE	H,1,3,1,3	1050
ILE	C,1,5,1,4	705
ILE	C,5,2,4,2	2097
ILE	H,4,2,2,2	237
ILE	E,4,2,2,2	677
ILE	E,2,2,2,2	1618
ILE	E,4,3,2,3	1452
ILE	E,5,4,4,2	1357
ILE	C,5,3,4,3	516
ILE	C,3,5,3,4	824
ILE	C,1,1,1,1	251
ILE	E,2,1,2,1	599
ILE	E,3,4,3,2	998
ILE	H,1,2,1,2	166
ILE	H,2,1,2,1	131
LEU	E,4,1,2,1	2162
LEU	H,1,1,1,1	24328
LEU	E,3,2,3,2	1934
LEU	H,1,5,1,4	1473
LEU	E,2,4,2,2	783
LEU	C,4,1,2,1	409
LEU	E,4,5,2,4	1437
LEU	C,2,3,2,3	1381
LEU	C,2,2,2,2	5803
LEU	C,5,1,4,1	515
LEU	E,2,3,2,3	1229
LEU	C,5,4,4,2	720
LEU	H,2,5,2,4	1663
LEU	C,4,4,2,2	940
LEU	H,3,2,3,2	1872
LEU	H,2,2,2,2	1406
LEU	E,5,5,4,4	2638
LEU	C,5,5,4,4	2042
LEU	E,3,1,3,1	2283
LEU	E,1,2,1,2	802
LEU	H,3,5,3,4	1589
LEU	H,4,5,2,4	1006
LEU	H,3,3,3,3	2776
LEU	C,3,2,3,2	3772
LEU	E,1,3,1,3	2059
LEU	H,1,4,1,2	442
LEU	C,2,1,2,1	464
LEU	C,3,4,3,2	1110
LEU	H,4,1,2,1	10020
LEU	H,3,4,3,2	510
LEU	H,5,5,4,4	2563
LEU	H,5,3,4,3	986
LEU	C,1,2,1,2	2221
LEU	E,1,4,1,2	1547
LEU	E,1,5,1,4	2385
LEU	C,3,3,3,3	1409
LEU	C,4,2,2,2	2703
LEU	H,5,4,4,2	299
LEU	E,3,5,3,4	1915
LEU	E,5,2,4,2	1421
LEU	H,5,2,4,2	440
LEU	C,4,3,2,3	815
LEU	C,2,4,2,2	1313
LEU	H,4,3,2,3	1408
LEU	E,1,1,1,1	3906
LEU	H,2,3,2,3	838
LEU	C,2,5,2,4	2092
LEU	C,1,4,1,2	684
LEU	H,2,4,2,2	323
LEU	E,2,5,2,4	1843
LEU	E,3,3,3,3	2562
LEU	E,5,1,4,1	2177
LEU	E,4,4,2,2	949
LEU	H,4,4,2,2	412
LEU	H,3,1,3,1	11792
LEU	H,5,1,4,1	10089
LEU	C,4,5,2,4	1225
LEU	C,3,1,3,1	534
LEU	E,5,3,4,3	1832
LEU	C,1,3,1,3	854
LEU	H,1,3,1,3	3238
LEU	C,1,5,1,4	1673
LEU	C,5,2,4,2	3226
LEU	H,4,2,2,2	482
LEU	E,4,2,2,2	855
LEU	E,4,3,2,3	1732
LEU	E,2,2,2,2	1944
LEU	E,5,4,4,2	1299
LEU	C,3,5,3,4	1577
LEU	C,5,3,4,3	749
LEU	C,1,1,1,1	534
LEU	E,2,1,2,1	713
LEU	E,3,4,3,2	1325
LEU	H,1,2,1,2	638
LEU	H,2,1,2,1	250
LYS	E,4,1,2,1	707
LYS	H,1,1,1,1	12253
LYS	E,3,2,3,2	748
LYS	E,2,4,2,2	513
LYS	H,1,5,1,4	899
LYS	C,4,1,2,1	295
LYS	E,4,5,2,4	718
LYS	C,2,3,2,3	1858
LYS	C,2,2,2,2	6936
LYS	C,5,1,4,1	389
LYS	E,2,3,2,3	844
LYS	C,5,4,4,2	767
LYS	H,2,5,2,4	1158
LYS	C,4,4,2,2	922
LYS	H,3,2,3,2	794
LYS	H,2,2,2,2	709
LYS	E,5,5,4,4	1250
LYS	C,5,5,4,4	1428
LYS	E,3,1,3,1	843
LYS	E,1,2,1,2	228
LYS	H,3,5,3,4	779
LYS	H,4,5,2,4	766
LYS	H,3,3,3,3	2083
LYS	C,3,2,3,2	2694
LYS	E,1,3,1,3	600
LYS	H,1,4,1,2	217
LYS	C,2,1,2,1	417
LYS	C,3,4,3,2	1175
LYS	H,4,1,2,1	5807
LYS	H,3,4,3,2	190
LYS	H,5,5,4,4	1608
LYS	H,5,3,4,3	871
LYS	C,1,2,1,2	1366
LYS	E,1,4,1,2	477
LYS	E,1,5,1,4	706
LYS	C,3,3,3,3	1504
LYS	C,4,2,2,2	3112
LYS	H,5,4,4,2	195
LYS	E,3,5,3,4	831
LYS	E,5,2,4,2	811
LYS	H,5,2,4,2	312
LYS	C,4,3,2,3	824
LYS	C,2,4,2,2	1762
LYS	E,1,1,1,1	849
LYS	H,4,3,2,3	1142
LYS	C,1,4,1,2	489
LYS	H,2,3,2,3	781
LYS	C,2,5,2,4	1759
LYS	H,2,4,2,2	179
LYS	E,2,5,2,4	1348
LYS	E,5,1,4,1	759
LYS	E,3,3,3,3	1047
LYS	E,4,4,2,2	462
LYS	H,4,4,2,2	219
LYS	H,3,1,3,1	5180
LYS	H,5,1,4,1	6446
LYS	C,3,1,3,1	467
LYS	C,4,5,2,4	918
LYS	E,5,3,4,3	781
LYS	C,1,3,1,3	841
LYS	C,1,5,1,4	877
LYS	H,1,3,1,3	2218
LYS	C,5,2,4,2	2662
LYS	H,4,2,2,2	291
LYS	E,4,2,2,2	508
LYS	E,4,3,2,3	821
LYS	E,2,2,2,2	1756
LYS	E,5,4,4,2	563
LYS	C,3,5,3,4	829
LYS	C,5,3,4,3	724
LYS	E,2,1,2,1	395
LYS	E,3,4,3,2	579
LYS	C,1,1,1,1	338
LYS	H,2,1,2,1	128
LYS	H,1,2,1,2	431
MET	E,4,1,2,1	280
MET	H,1,1,1,1	4616
MET	E,3,2,3,2	270
MET	E,2,4,2,2	202
MET	H,1,5,1,4	305
MET	C,4,1,2,1	95
MET	E,4,5,2,4	281
MET	C,2,3,2,3	304
MET	C,2,2,2,2	1322
MET	C,5,1,4,1	83
MET	C,5,4,4,2	145
MET	E,2,3,2,3	257
MET	H,2,5,2,4	315
MET	C,4,4,2,2	204
MET	H,3,2,3,2	294
MET	H,2,2,2,2	220
MET	E,5,5,4,4	453
MET	C,5,5,4,4	395
MET	E,1,2,1,2	116
MET	E,3,1,3,1	372
MET	H,3,5,3,4	298
MET	H,4,5,2,4	160
MET	H,3,3,3,3	499
MET	C,3,2,3,2	675
MET	E,1,3,1,3	334
MET	H,1,4,1,2	76
MET	C,2,1,2,1	105
MET	C,3,4,3,2	222
MET	H,4,1,2,1	1799
MET	H,3,4,3,2	96
MET	H,5,5,4,4	433
MET	H,5,3,4,3	168
MET	C,1,2,1,2	427
MET	E,1,4,1,2	268
MET	C,3,3,3,3	258
MET	E,1,5,1,4	327
MET	C,4,2,2,2	576
MET	H,5,4,4,2	51
MET	E,3,5,3,4	366
MET	E,5,2,4,2	257
MET	H,5,2,4,2	79
MET	C,4,3,2,3	162
MET	C,2,4,2,2	275
MET	H,4,3,2,3	227
MET	E,1,1,1,1	455
MET	H,2,3,2,3	150
MET	C,1,4,1,2	121
MET	C,2,5,2,4	431
MET	H,2,4,2,2	43
MET	E,2,5,2,4	451
MET	E,5,1,4,1	346
MET	E,3,3,3,3	435
MET	E,4,4,2,2	227
MET	H,4,4,2,2	75
MET	H,3,1,3,1	1814
MET	H,5,1,4,1	1881
MET	C,4,5,2,4	230
MET	C,3,1,3,1	91
MET	C,1,3,1,3	164
MET	E,5,3,4,3	314
MET	C,1,5,1,4	296
MET	H,1,3,1,3	555
MET	C,5,2,4,2	642
MET	H,4,2,2,2	60
MET	E,4,2,2,2	174
MET	E,2,2,2,2	432
MET	E,4,3,2,3	339
MET	E,5,4,4,2	263
MET	C,5,3,4,3	142
MET	C,3,5,3,4	233
MET	C,1,1,1,1	71
MET	E,2,1,2,1	182
MET	E,3,4,3,2	212
MET	H,2,1,2,1	32
MET	H,1,2,1,2	134
PHE	E,4,1,2,1	1134
PHE	H,1,1,1,1	6618
PHE	E,3,2,3,2	951
PHE	E,2,4,2,2	570
PHE	H,1,5,1,4	581
PHE	C,4,1,2,1	210
PHE	E,4,5,2,4	880
PHE	C,2,3,2,3	877
PHE	C,2,2,2,2	3711
PHE	C,5,1,4,1	244
PHE	E,2,3,2,3	1051
PHE	C,5,4,4,2	353
PHE	H,2,5,2,4	816
PHE	C,4,4,2,2	657
PHE	H,3,2,3,2	487
PHE	H,2,2,2,2	966
PHE	E,5,5,4,4	1362
PHE	C,5,5,4,4	857
PHE	E,1,2,1,2	346
PHE	E,3,1,3,1	1271
PHE	H,3,5,3,4	436
PHE	H,4,5,2,4	500
PHE	H,3,3,3,3	732
PHE	C,3,2,3,2	1802
PHE	E,1,3,1,3	1077
PHE	H,1,4,1,2	187
PHE	C,2,1,2,1	298
PHE	C,3,4,3,2	545
PHE	H,4,1,2,1	4415
PHE	H,3,4,3,2	165
PHE	H,5,5,4,4	1023
PHE	H,5,3,4,3	269
PHE	C,1,2,1,2	891
PHE	E,1,4,1,2	863
PHE	E,1,5,1,4	1100
PHE	C,3,3,3,3	712
PHE	C,4,2,2,2	1918
PHE	H,5,4,4,2	222
PHE	E,3,5,3,4	1132
PHE	E,5,2,4,2	899
PHE	H,5,2,4,2	304
PHE	C,4,3,2,3	515
PHE	C,2,4,2,2	927
PHE	H,4,3,2,3	558
PHE	E,1,1,1,1	1672
PHE	H,2,3,2,3	320
PHE	C,1,4,1,2	244
PHE	C,2,5,2,4	1194
PHE	H,2,4,2,2	266
PHE	E,2,5,2,4	1200
PHE	E,5,1,4,1	1013
PHE	E,3,3,3,3	1556
PHE	E,4,4,2,2	616
PHE	H,4,4,2,2	313
PHE	H,3,1,3,1	3882
PHE	H,5,1,4,1	3624
PHE	C,3,1,3,1	286
PHE	C,4,5,2,4	693
PHE	C,1,3,1,3	354
PHE	E,5,3,4,3	977
PHE	C,1,5,1,4	502
PHE	H,1,3,1,3	660
PHE	C,5,2,4,2	1642
PHE	H,4,2,2,2	343
PHE	E,4,2,2,2	533
PHE	E,2,2,2,2	1160
PHE	E,4,3,2,3	1051
PHE	E,5,4,4,2	633
PHE	C,5,3,4,3	445
PHE	C,3,5,3,4	632
PHE	C,1,1,1,1	174
PHE	E,3,4,3,2	769
PHE	E,2,1,2,1	657
PHE	H,2,1,2,1	109
PHE	H,1,2,1,2	177
PRO	E,4,1,2,1	391
PRO	H,1,1,1,1	895
PRO	E,3,2,3,2	146
PRO	E,2,4,2,2	315
PRO	H,1,5,1,4	836
PRO	C,4,1,2,1	796
PRO	E,4,5,2,4	432
PRO	C,2,3,2,3	3647
PRO	C,2,2,2,2	8178
PRO	C,5,1,4,1	1048
PRO	E,2,3,2,3	730
PRO	C,5,4,4,2	1234
PRO	H,2,5,2,4	2078
PRO	C,4,4,2,2	1084
PRO	H,3,2,3,2	293
PRO	H,2,2,2,2	843
PRO	E,5,5,4,4	288
PRO	C,5,5,4,4	3428
PRO	E,1,2,1,2	91
PRO	E,3,1,3,1	199
PRO	H,3,5,3,4	665
PRO	H,4,5,2,4	2373
PRO	H,3,3,3,3	301
PRO	C,3,2,3,2	3144
PRO	E,1,3,1,3	172
PRO	H,1,4,1,2	24
PRO	C,2,1,2,1	1215
PRO	C,3,4,3,2	1419
PRO	H,4,1,2,1	1058
PRO	H,3,4,3,2	31
PRO	H,5,5,4,4	2833
PRO	H,5,3,4,3	158
PRO	C,1,2,1,2	2217
PRO	E,1,4,1,2	65
PRO	E,1,5,1,4	72
PRO	C,3,3,3,3	2419
PRO	C,4,2,2,2	3444
PRO	H,5,4,4,2	93
PRO	E,3,5,3,4	145
PRO	E,5,2,4,2	616
PRO	H,5,2,4,2	497
PRO	C,4,3,2,3	1557
PRO	C,2,4,2,2	1751
PRO	E,1,1,1,1	61
PRO	H,4,3,2,3	58
PRO	H,2,3,2,3	93
PRO	C,2,5,2,4	2575
PRO	C,1,4,1,2	862
PRO	H,2,4,2,2	16
PRO	E,2,5,2,4	570
PRO	E,5,1,4,1	256
PRO	E,3,3,3,3	357
PRO	E,4,4,2,2	370
PRO	H,4,4,2,2	22
PRO	H,3,1,3,1	1609
PRO	H,5,1,4,1	1564
PRO	C,4,5,2,4	1589
PRO	C,3,1,3,1	1032
PRO	C,1,3,1,3	1590
PRO	E,5,3,4,3	766
PRO	H,1,3,1,3	39
PRO	C,1,5,1,4	1857
PRO	C,5,2,4,2	5120
PRO	H,4,2,2,2	648
PRO	E,4,2,2,2	486
PRO	E,2,2,2,2	832
PRO	E,4,3,2,3	719
PRO	E,5,4,4,2	223
PRO	C,3,5,3,4	1216
PRO	C,5,3,4,3	2647
PRO	E,3,4,3,2	185
PRO	E,2,1,2,1	381
PRO	C,1,1,1,1	950
PRO	H,2,1,2,1	11
PRO	H,1,2,1,2	221
SER	E,4,1,2,1	676
SER	H,1,1,1,1	8395
SER	E,3,2,3,2	1050
SER	E,2,4,2,2	632
SER	H,1,5,1,4	1131
SER	C,4,1,2,1	263
SER	E,4,5,2,4	630
SER	C,2,3,2,3	2828
SER	C,2,2,2,2	8782
SER	C,5,1,4,1	365
SER	E,2,3,2,3	1286
SER	C,5,4,4,2	984
SER	H,2,5,2,4	1183
SER	C,4,4,2,2	1514
SER	H,3,2,3,2	716
SER	H,2,2,2,2	641
SER	E,5,5,4,4	1236
SER	C,5,5,4,4	1437
SER	E,3,1,3,1	725
SER	E,1,2,1,2	344
SER	H,3,5,3,4	926
SER	H,4,5,2,4	628
SER	H,3,3,3,3	1513
SER	C,3,2,3,2	4050
SER	E,1,3,1,3	914
SER	H,1,4,1,2	334
SER	C,2,1,2,1	455
SER	C,3,4,3,2	1288
SER	H,4,1,2,1	3282
SER	H,3,4,3,2	294
SER	H,5,5,4,4	1780
SER	H,5,3,4,3	682
SER	C,1,2,1,2	2548
SER	E,1,4,1,2	668
SER	E,1,5,1,4	651
SER	C,3,3,3,3	2629
SER	C,4,2,2,2	3920
SER	H,5,4,4,2	282
SER	E,3,5,3,4	817
SER	E,5,2,4,2	1118
SER	H,5,2,4,2	323
SER	C,4,3,2,3	1190
SER	C,2,4,2,2	2176
SER	E,1,1,1,1	963
SER	H,4,3,2,3	466
SER	H,2,3,2,3	492
SER	C,2,5,2,4	1801
SER	C,1,4,1,2	851
SER	H,2,4,2,2	171
SER	E,2,5,2,4	1118
SER	E,5,1,4,1	782
SER	E,3,3,3,3	1272
SER	E,4,4,2,2	550
SER	H,4,4,2,2	237
SER	H,3,1,3,1	3575
SER	H,5,1,4,1	4692
SER	C,3,1,3,1	496
SER	C,4,5,2,4	825
SER	C,1,3,1,3	1442
SER	E,5,3,4,3	1139
SER	H,1,3,1,3	1600
SER	C,1,5,1,4	882
SER	C,5,2,4,2	3988
SER	H,4,2,2,2	269
SER	E,4,2,2,2	832
SER	E,2,2,2,2	2141
SER	E,4,3,2,3	952
SER	E,5,4,4,2	504
SER	C,3,5,3,4	948
SER	C,5,3,4,3	1479
SER	C,1,1,1,1	308
SER	E,3,4,3,2	519
SER	E,2,1,2,1	488
SER	H,2,1,2,1	92
SER	H,1,2,1,2	522
THR	E,4,1,2,1	935
THR	H,1,1,1,1	7923
THR	E,3,2,3,2	1301
THR	E,2,4,2,2	677
THR	H,1,5,1,4	744
THR	C,4,1,2,1	295
THR	E,4,5,2,4	795
THR	C,2,3,2,3	2402
THR	C,2,2,2,2	6785
THR	C,5,1,4,1	367
THR	C,5,4,4,2	918
THR	E,2,3,2,3	1060
THR	H,2,5,2,4	983
THR	C,4,4,2,2	1238
THR	H,3,2,3,2	470
THR	H,2,2,2,2	601
THR	E,5,5,4,4	2065
THR	C,5,5,4,4	1414
THR	E,1,2,1,2	493
THR	E,3,1,3,1	1304
THR	H,3,5,3,4	518
THR	H,4,5,2,4	531
THR	H,3,3,3,3	1058
THR	C,3,2,3,2	3818
THR	E,1,3,1,3	1140
THR	H,1,4,1,2	184
THR	C,2,1,2,1	377
THR	C,3,4,3,2	1186
THR	H,4,1,2,1	3571
THR	H,5,5,4,4	1052
THR	H,3,4,3,2	159
THR	H,5,3,4,3	334
THR	C,1,2,1,2	1824
THR	E,1,4,1,2	922
THR	E,1,5,1,4	1337
THR	C,3,3,3,3	2103
THR	C,4,2,2,2	3384
THR	H,5,4,4,2	184
THR	E,3,5,3,4	1362
THR	E,5,2,4,2	1083
THR	C,4,3,2,3	1001
THR	H,5,2,4,2	217
THR	C,2,4,2,2	1792
THR	H,4,3,2,3	419
THR	E,1,1,1,1	1772
THR	H,2,3,2,3	484
THR	C,1,4,1,2	490
THR	C,2,5,2,4	1954
THR	H,2,4,2,2	172
THR	E,2,5,2,4	1512
THR	E,5,1,4,1	1177
THR	E,3,3,3,3	1512
THR	E,4,4,2,2	603
THR	H,4,4,2,2	194
THR	H,3,1,3,1	4203
THR	H,5,1,4,1	3534
THR	C,3,1,3,1	433
THR	C,4,5,2,4	913
THR	E,5,3,4,3	1179
THR	C,1,3,1,3	1031
THR	H,1,3,1,3	817
THR	C,1,5,1,4	880
THR	C,5,2,4,2	3218
THR	H,4,2,2,2	315
THR	E,4,2,2,2	889
THR	E,2,2,2,2	2027
THR	E,4,3,2,3	954
THR	E,5,4,4,2	933
THR	C,5,3,4,3	1073
THR	C,3,5,3,4	1191
THR	E,3,4,3,2	774
THR	E,2,1,2,1	645
THR	C,1,1,1,1	237
THR	H,2,1,2,1	129
THR	H,1,2,1,2	281
TRP	E,4,1,2,1	329
TRP	H,1,1,1,1	2406
TRP	E,3,2,3,2	272
TRP	H,1,5,1,4	279
TRP	E,2,4,2,2	195
TRP	C,4,1,2,1	75
TRP	E,4,5,2,4	311
TRP	C,2,3,2,3	329
TRP	C,2,2,2,2	1244
TRP	C,5,1,4,1	71
TRP	C,5,4,4,2	130
TRP	E,2,3,2,3	368
TRP	H,2,5,2,4	339
TRP	C,4,4,2,2	212
TRP	H,3,2,3,2	143
TRP	H,2,2,2,2	259
TRP	E,5,5,4,4	576
TRP	C,5,5,4,4	378
TRP	E,1,2,1,2	117
TRP	E,3,1,3,1	373
TRP	H,3,5,3,4	204
TRP	H,4,5,2,4	235
TRP	H,3,3,3,3	247
TRP	C,3,2,3,2	675
TRP	E,1,3,1,3	298
TRP	H,1,4,1,2	60
TRP	C,2,1,2,1	112
TRP	C,3,4,3,2	199
TRP	H,4,1,2,1	1548
TRP	H,3,4,3,2	49
TRP	H,5,5,4,4	546
TRP	H,5,3,4,3	129
TRP	C,1,2,1,2	393
TRP	E,1,4,1,2	317
TRP	C,3,3,3,3	268
TRP	E,1,5,1,4	357
TRP	C,4,2,2,2	637
TRP	H,5,4,4,2	72
TRP	E,3,5,3,4	337
TRP	E,5,2,4,2	328
TRP	C,4,3,2,3	178
TRP	H,5,2,4,2	88
TRP	C,2,4,2,2	329
TRP	E,1,1,1,1	471
TRP	H,4,3,2,3	181
TRP	H,2,3,2,3	100
TRP	C,1,4,1,2	129
TRP	C,2,5,2,4	466
TRP	H,2,4,2,2	74
TRP	E,2,5,2,4	438
TRP	E,3,3,3,3	454
TRP	E,5,1,4,1	337
TRP	E,4,4,2,2	198
TRP	H,4,4,2,2	90
TRP	H,3,1,3,1	1526
TRP	H,5,1,4,1	1416
TRP	C,3,1,3,1	104
TRP	C,4,5,2,4	231
TRP	C,1,3,1,3	192
TRP	E,5,3,4,3	321
TRP	H,1,3,1,3	255
TRP	C,1,5,1,4	213
TRP	C,5,2,4,2	602
TRP	H,4,2,2,2	124
TRP	E,4,2,2,2	149
TRP	E,4,3,2,3	321
TRP	E,2,2,2,2	467
TRP	E,5,4,4,2	214
TRP	C,5,3,4,3	162
TRP	C,3,5,3,4	243
TRP	C,1,1,1,1	83
TRP	E,3,4,3,2	245
TRP	E,2,1,2,1	194
TRP	H,2,1,2,1	41
TRP	H,1,2,1,2	83
TYR	E,4,1,2,1	896
TYR	H,1,1,1,1	5370
TYR	E,3,2,3,2	813
TYR	H,1,5,1,4	458
TYR	E,2,4,2,2	467
TYR	C,4,1,2,1	197
TYR	E,4,5,2,4	752
TYR	C,2,3,2,3	963
TYR	C,2,2,2,2	3500
TYR	C,5,1,4,1	177
TYR	C,5,4,4,2	290
TYR	E,2,3,2,3	914
TYR	H,2,5,2,4	707
TYR	C,4,4,2,2	632
TYR	H,3,2,3,2	466
TYR	H,2,2,2,2	976
TYR	E,5,5,4,4	1268
TYR	C,5,5,4,4	786
TYR	E,1,2,1,2	296
TYR	E,3,1,3,1	1035
TYR	H,3,5,3,4	349
TYR	H,4,5,2,4	458
TYR	H,3,3,3,3	680
TYR	C,3,2,3,2	1580
TYR	E,1,3,1,3	959
TYR	H,1,4,1,2	150
TYR	C,2,1,2,1	297
TYR	C,3,4,3,2	476
TYR	H,4,1,2,1	3766
TYR	H,3,4,3,2	146
TYR	H,5,5,4,4	883
TYR	C,1,2,1,2	743
TYR	H,5,3,4,3	299
TYR	E,1,4,1,2	805
TYR	C,3,3,3,3	671
TYR	E,1,5,1,4	996
TYR	C,4,2,2,2	1757
TYR	H,5,4,4,2	201
TYR	E,3,5,3,4	994
TYR	E,5,2,4,2	868
TYR	H,5,2,4,2	290
TYR	C,4,3,2,3	454
TYR	C,2,4,2,2	907
TYR	H,4,3,2,3	509
TYR	E,1,1,1,1	1281
TYR	H,2,3,2,3	336
TYR	C,1,4,1,2	230
TYR	C,2,5,2,4	1119
TYR	H,2,4,2,2	261
TYR	E,2,5,2,4	1037
TYR	E,5,1,4,1	875
TYR	E,3,3,3,3	1301
TYR	E,4,4,2,2	536
TYR	H,4,4,2,2	271
TYR	H,3,1,3,1	3083
TYR	H,5,1,4,1	3188
TYR	C,4,5,2,4	673
TYR	C,3,1,3,1	220
TYR	C,1,3,1,3	293
TYR	E,5,3,4,3	840
TYR	H,1,3,1,3	636
TYR	C,1,5,1,4	423
TYR	C,5,2,4,2	1509
TYR	H,4,2,2,2	301
TYR	E,4,2,2,2	446
TYR	E,2,2,2,2	1206
TYR	E,4,3,2,3	869
TYR	E,5,4,4,2	524
TYR	C,5,3,4,3	447
TYR	C,3,5,3,4	587
TYR	C,1,1,1,1	128
TYR	E,2,1,2,1	485
TYR	E,3,4,3,2	722
TYR	H,2,1,2,1	84
TYR	H,1,2,1,2	161
VAL	E,4,1,2,1	2398
VAL	H,1,1,1,1	12139
VAL	E,3,2,3,2	1823
VAL	H,1,5,1,4	834
VAL	E,2,4,2,2	1096
VAL	C,4,1,2,1	439
VAL	E,4,5,2,4	1620
VAL	C,2,3,2,3	1133
VAL	C,2,2,2,2	4561
VAL	C,5,1,4,1	382
VAL	C,5,4,4,2	667
VAL	E,2,3,2,3	1754
VAL	H,2,5,2,4	1001
VAL	C,4,4,2,2	848
VAL	H,3,2,3,2	375
VAL	H,2,2,2,2	529
VAL	E,5,5,4,4	4607
VAL	C,5,5,4,4	1618
VAL	E,3,1,3,1	3370
VAL	E,1,2,1,2	872
VAL	H,3,5,3,4	576
VAL	H,4,5,2,4	774
VAL	H,3,3,3,3	795
VAL	C,3,2,3,2	2356
VAL	E,1,3,1,3	3016
VAL	H,1,4,1,2	140
VAL	C,2,1,2,1	455
VAL	C,3,4,3,2	932
VAL	H,4,1,2,1	6045
VAL	H,3,4,3,2	131
VAL	H,5,5,4,4	1466
VAL	H,5,3,4,3	378
VAL	C,1,2,1,2	1356
VAL	E,1,4,1,2	1770
VAL	C,3,3,3,3	890
VAL	E,1,5,1,4	2840
VAL	C,4,2,2,2	2164
VAL	H,5,4,4,2	106
VAL	E,3,5,3,4	2297
VAL	E,5,2,4,2	1798
VAL	H,5,2,4,2	245
VAL	C,4,3,2,3	805
VAL	C,2,4,2,2	1065
VAL	E,1,1,1,1	4856
VAL	H,4,3,2,3	531
VAL	C,1,4,1,2	439
VAL	H,2,3,2,3	317
VAL	C,2,5,2,4	1880
VAL	H,2,4,2,2	188
VAL	E,2,5,2,4	2229
VAL	E,3,3,3,3	3726
VAL	E,5,1,4,1	3496
VAL	E,4,4,2,2	1115
VAL	H,4,4,2,2	207
VAL	H,3,1,3,1	7869
VAL	H,5,1,4,1	5380
VAL	C,3,1,3,1	442
VAL	C,4,5,2,4	1202
VAL	C,1,3,1,3	572
VAL	E,5,3,4,3	3001
VAL	C,1,5,1,4	957
VAL	H,1,3,1,3	1065
VAL	C,5,2,4,2	2560
VAL	H,4,2,2,2	306
VAL	E,4,2,2,2	936
VAL	E,2,2,2,2	2525
VAL	E,4,3,2,3	2130
VAL	E,5,4,4,2	2306
VAL	C,3,5,3,4	1046
VAL	C,5,3,4,3	725
VAL	C,1,1,1,1	334
VAL	E,2,1,2,1	897
VAL	E,3,4,3,2	1365
VAL	H,2,1,2,1	144
VAL	H,1,2,1,2	236
