ASP 0 75 651 2231 4387 6310 7641 7871 6934 5856 4711 3639 2872 2274 1703 1258 782 488 183 59 29 8 3 2 2 0 0 1 36 114 345 779 1307 1590 1744 1731 1530 1361 1177 1074 861 704 497 254 90 30 10 4 0 1 0 1 31 215 1000 2589 4161 5210 5121 4691 3800 3027 2189 1605 1217 915 758 440 229 94 38 13 3 1 2
PRO 4 139 737 1914 3678 5232 6164 6221 6101 5530 4901 4286 3657 3213 2714 2183 1577 956 471 169 42 15 5 6 1 0 0 3 27 91 271 508 785 875 836 819 739 752 652 678 672 572 435 233 108 33 11 3 0 0 0 1 12 161 731 1566 1863 1933 1737 1563 1476 1273 1151 1051 850 711 604 448 252 125 53 17 3 1 0
ILE 1 62 209 362 518 694 1041 1260 1602 2050 2328 2593 2725 2663 2299 1708 1211 730 351 138 35 14 5 4 1 0 0 2 13 64 160 426 786 1255 1754 2374 2927 3508 4069 5020 5776 5699 4530 2801 1316 498 129 38 13 4 0 0 1 74 187 487 842 1156 1521 2079 2685 3551 4172 4705 5032 4971 3878 2657 1418 638 235 67 21 4 4
LYS 0 125 631 1561 3036 4346 5470 5722 5286 4196 3240 2301 1482 974 639 358 203 96 47 11 6 2 0 1 2 0 0 3 45 222 598 1182 1943 2515 2898 2817 2346 1982 1399 964 629 409 239 119 37 13 6 0 0 2 0 0 16 209 1165 2806 4974 6384 7097 6770 5976 4381 3126 2114 1307 798 492 289 138 64 20 9 2 1 3
TRP 0 16 57 116 174 256 328 444 599 854 926 967 886 842 666 465 328 172 66 21 1 2 3 2 1 0 0 0 7 16 49 103 193 314 491 621 724 887 1007 1093 982 738 493 284 107 30 8 2 1 1 0 0 1 23 65 142 205 328 521 730 955 1280 1401 1422 1236 1031 708 405 188 60 21 6 2 3 2
CYS 0 9 27 46 95 194 290 425 547 719 838 1024 1084 1089 876 711 558 325 166 51 28 7 0 0 1 0 0 0 1 6 17 53 93 166 273 389 535 701 868 956 984 951 779 508 219 93 21 7 1 0 0 0 1 3 21 34 103 142 220 306 458 634 803 960 1087 966 839 606 341 188 83 17 8 2 0
GLY 0 0 0 0 0 0 0 0 0 0 0 0 0 0 0 0 0 0 0 0 0 0 0 0 0 0 0 0 0 0 0 0 0 0 0 0 0 0 0 0 0 0 0 0 0 0 0 0 0 0 0 0 0 0 0 0 0 0 0 0 0 0 0 0 0 0 0 0 0 0 0 0 0 0 0
PHE 4 49 164 362 498 678 795 1125 1492 2067 2439 2632 2556 2288 1976 1478 908 486 230 61 23 5 1 4 0 0 0 0 8 40 141 228 432 788 1080 1507 2012 2502 2908 3282 3333 2945 2073 1134 454 153 32 5 2 2 0 1 11 54 176 377 554 817 1162 1704 2250 2912 3421 3679 3662 3233 2268 1342 653 249 88 24 9 2 8
GLN 1 62 295 812 1462 2280 2675 2953 2824 2450 2009 1448 1157 875 628 487 304 145 56 15 7 2 1 0 2 0 0 0 9 87 275 570 1078 1384 1502 1511 1386 1175 1022 905 673 505 324 166 64 14 3 0 0 0 0 0 10 98 632 1766 3055 4093 4672 4491 4016 3207 2492 1889 1458 990 737 460 234 88 29 11 1 2 0
SER 8 186 719 1755 3245 4768 5785 6110 5508 4936 4336 3705 3257 2679 2262 1765 1300 804 377 145 51 19 7 0 0 0 0 4 31 145 434 874 1489 1955 2231 2352 2333 2114 2037 1934 1807 1634 1251 706 341 142 31 11 3 1 0 2 24 240 923 2127 3223 3803 3723 3670 3294 3015 2712 2554 2381 2035 1662 1286 731 428 186 48 24 5 4
ASN 4 56 431 1487 2882 4217 5125 5246 4852 4429 3775 2990 2359 1815 1513 1074 767 460 226 89 27 9 3 1 2 0 0 1 15 90 297 592 901 1179 1227 1285 1211 1075 1012 903 835 737 539 327 123 40 10 2 0 0 0 0 10 103 493 1223 2095 2809 2965 2864 2688 2211 1838 1513 1308 1015 727 462 251 134 42 12 0 1 2
LEU 8 103 362 669 906 1295 1704 2312 3116 4058 4401 4788 4829 4413 3542 2665 1825 1070 492 165 47 24 6 5 3 0 0 0 10 63 199 461 880 1379 1938 2610 3197 3772 4627 5416 6217 5818 4419 2629 1182 462 141 28 4 3 0 1 12 143 480 1109 1803 2608 3593 5007 6429 8033 9100 9890 10157 9342 7157 4713 2489 1082 384 125 31 17 6
VAL 2 79 307 620 867 1251 1586 2023 2496 2783 2988 3215 3319 3193 2812 2094 1554 902 430 184 68 12 0 2 0 0 0 5 21 122 360 833 1392 2111 2783 3515 4186 4807 5729 6758 7380 7430 5912 3879 1945 704 218 43 16 7 0 0 7 74 286 646 1062 1490 1762 2346 2950 3718 4264 4706 5062 4918 4062 2867 1685 762 288 104 36 11 1
TYR 0 44 158 308 500 631 964 1230 1596 2129 2362 2480 2263 2043 1497 1097 671 325 146 38 11 4 3 0 1 0 0 0 7 39 136 307 502 832 1191 1620 2053 2457 2717 2966 2688 2003 1237 610 235 52 20 2 1 0 0 0 14 45 155 322 571 890 1250 1860 2389 2813 3166 3116 2781 2223 1578 873 428 134 42 13 2 2 0
GLU 3 114 745 2147 3702 4954 5660 5547 4503 3605 2737 2017 1369 998 689 551 367 191 104 29 9 0 1 0 0 0 0 1 41 220 612 1291 2132 2758 2930 2684 2147 1737 1353 1134 834 595 392 206 99 38 11 1 0 1 0 0 34 388 1968 5138 8147 9800 9842 8747 7070 5106 3664 2651 1884 1320 864 505 250 103 34 13 1 2 2
ARG 4 70 364 888 1626 2452 3323 3859 4003 3880 3294 2653 2028 1468 1027 672 384 205 63 27 12 1 3 1 1 0 0 2 25 130 330 805 1334 2088 2450 2689 2527 2233 1913 1554 1142 723 399 177 45 10 0 0 2 3 0 0 12 135 649 1677 3072 4443 5579 6116 5751 4912 3913 2891 2073 1427 889 444 207 60 19 7 5 0 1
THR 2 89 440 1139 2209 3511 4486 4885 4897 4286 3742 3073 2640 2258 1945 1614 1150 711 358 117 42 11 1 5 0 0 0 2 27 168 451 1070 1910 2657 3229 3297 2949 2655 2422 2143 2126 1876 1366 828 365 127 34 9 7 0 0 0 11 116 439 1162 1822 2360 2635 2882 2769 2581 2419 2346 2213 2036 1745 1301 838 383 166 49 18 2 1
MET 0 73 146 250 361 474 550 718 726 762 923 898 930 756 689 550 376 226 128 59 18 3 0 0 2 0 0 0 5 21 63 112 213 284 421 522 587 628 748 888 1035 994 799 510 204 79 18 5 3 0 0 0 7 33 114 192 402 524 811 958 1206 1309 1513 1558 1605 1635 1456 967 564 249 102 37 6 5 6
ALA 6 197 679 1464 2344 3099 3600 3812 3736 3702 3619 3454 3365 3362 3099 2475 1890 1179 583 222 85 25 7 0 1 0 0 1 17 83 233 475 757 1093 1261 1540 1823 2243 2524 3177 3382 3455 2732 1786 896 332 104 22 9 0 0 1 33 298 1287 3284 5179 6089 6247 5970 6097 6301 6709 7092 7398 7011 6187 4539 3014 1511 649 239 62 15 6
HIS 3 127 308 580 847 1176 1551 1644 1663 1800 1796 1676 1487 1186 1054 753 533 302 144 46 10 2 2 0 0 0 0 0 6 31 122 289 458 698 936 1063 1102 1117 1177 1048 868 705 490 230 90 28 6 1 0 0 0 1 6 61 211 473 837 1106 1524 1687 1790 1692 1518 1323 1131 936 672 418 207 86 21 8 2 1 0
