ASP 0 45 121 907 2051 3735 5439 6687 7370 7045 6026 5055 3989 3175 2518 1790 1427 1041 635 450 220 100 33 18 7 0 0 0 0 32 82 240 549 902 1281 1546 1645 1595 1501 1356 1180 998 837 644 386 243 105 43 19 12 0 0 1 62 304 1349 2640 4323 4955 5203 4810 3797 2909 2042 1483 1057 816 563 390 282 145 73 15 11 4
PRO 0 60 190 620 1515 2692 4226 5498 6263 6463 6286 5497 4652 3928 3208 2557 2082 1618 1137 730 404 168 52 18 14 0 0 0 1 4 38 111 255 517 750 911 913 840 821 774 725 675 572 433 357 227 107 51 14 1 0 0 1 18 142 651 1283 1731 1823 1769 1707 1587 1419 1245 1039 913 736 562 398 251 159 78 41 19 4
ILE 0 24 104 259 370 486 795 1098 1508 1964 2369 2696 2549 2532 2120 1745 1391 954 720 417 245 133 57 13 12 0 0 0 0 15 47 178 367 671 1126 1776 2450 3201 3646 4266 4662 4997 5064 4274 3105 1797 869 363 111 41 0 0 0 21 92 287 516 1002 1314 1787 2522 3280 4258 4735 4901 4618 3859 2835 1910 1206 649 301 134 38 24
LYS 0 55 199 703 1307 2491 3584 4384 5250 5169 4581 3714 2739 2020 1324 872 577 312 183 89 59 34 7 1 2 0 0 0 1 57 166 420 798 1329 1954 2284 2699 2458 2344 1902 1406 1053 649 354 233 91 42 19 4 2 0 0 1 48 366 1448 3262 5141 5958 6636 6641 5654 4422 3018 1971 1353 835 518 349 182 85 39 9 5 6
TRP 0 6 24 84 108 174 224 397 558 692 871 893 907 780 650 529 496 314 222 164 57 21 7 3 4 0 0 0 0 8 20 46 78 136 309 457 608 752 837 929 1049 929 803 553 373 158 69 22 7 2 0 0 0 5 35 70 181 301 474 657 972 1188 1255 1363 1281 1021 742 544 326 193 68 33 9 2 1
CYS 0 6 13 21 61 121 177 345 479 612 766 963 993 931 836 730 647 501 368 243 136 58 27 10 4 0 0 0 0 1 5 14 42 69 137 258 406 525 677 749 839 831 904 814 622 362 179 78 23 17 0 0 0 1 6 31 47 113 141 235 402 579 728 922 949 979 836 626 510 336 181 81 47 15 5
GLY 2 115 265 1408 3033 5525 7594 9062 9836 9285 8227 7285 6378 5476 4935 4144 3530 2856 2202 1401 906 399 150 53 20 0 0 0 5 62 162 289 484 729 1007 1324 1437 1758 1766 1855 2009 2180 2153 1896 1463 983 573 242 119 82 0 0 1 36 157 458 973 1518 1767 1882 2011 2060 2078 2172 2054 2082 1826 1625 1300 885 566 298 159 70 31
PHE 1 24 85 222 351 455 646 1036 1389 1848 2332 2505 2420 2187 1909 1526 1283 896 591 359 146 71 21 4 4 0 0 0 0 11 21 120 183 422 741 1091 1630 2040 2562 2842 3021 2943 2710 2121 1363 712 322 123 31 28 0 0 1 18 98 207 434 713 1092 1593 2255 2891 3308 3575 3393 2962 2315 1689 1083 572 272 87 49 16 13
GLN 1 35 116 392 716 1227 1888 2342 2801 2745 2556 2082 1608 1225 986 705 513 394 258 162 61 27 6 6 2 0 0 0 0 21 66 215 409 727 1121 1262 1413 1402 1286 1238 998 861 587 465 279 135 77 19 5 2 0 0 0 22 212 875 2006 3339 4078 4513 4261 3916 3156 2465 1707 1251 936 660 406 241 115 64 19 7 3
SER 0 94 261 818 1591 2828 4062 5011 5665 5599 5251 4551 3866 3319 2628 2207 1764 1442 1011 632 345 207 67 31 25 0 0 0 3 37 115 265 564 1001 1430 1882 2143 2373 2440 2152 2017 1817 1632 1412 1003 655 356 191 73 29 0 0 0 57 344 1122 2273 3191 3543 3594 3688 3456 3043 2697 2363 2143 1802 1471 1079 787 426 251 125 35 28
ASN 1 27 98 647 1323 2341 3466 4321 4875 5032 4611 3903 3231 2642 2070 1568 1228 889 650 432 205 98 51 13 7 0 0 0 1 19 86 183 372 647 830 1074 1281 1260 1238 1082 981 874 800 649 491 280 141 44 21 3 0 0 1 33 145 645 1371 2262 2599 2926 2902 2600 2291 1753 1448 1234 857 672 456 248 146 62 26 7 6
LEU 2 57 188 437 657 922 1446 2031 2847 3744 4463 4698 4712 4025 3502 2866 2223 1636 1058 626 355 153 74 30 12 0 0 0 0 14 61 136 390 750 1235 1927 2618 3316 4159 4650 5218 5546 5135 4237 3021 1688 803 288 119 43 0 0 5 40 235 644 1260 2307 3158 4507 6244 7967 9364 9802 9973 8900 7071 5071 3321 1934 995 470 207 68 26
VAL 1 42 160 400 528 789 1173 1730 2257 2671 3163 3341 3339 3036 2651 2198 1813 1347 880 591 332 147 72 38 9 0 0 0 0 27 99 323 588 1200 1858 2612 3549 4422 5264 5903 6050 6370 6448 5727 4385 2662 1432 677 215 96 0 0 0 17 113 321 717 1205 1494 1980 2676 3461 4263 4768 4971 4656 4140 3117 2247 1394 797 387 170 82 37
TYR 0 18 81 185 313 495 671 1049 1512 1922 2202 2211 2156 2019 1657 1329 985 741 432 285 137 49 22 4 3 0 0 0 0 11 35 93 221 411 788 1146 1605 2055 2451 2573 2673 2498 2064 1505 855 424 180 51 14 6 0 0 1 15 71 206 415 742 1150 1729 2316 2695 2911 2977 2632 2256 1771 1229 798 458 185 62 22 11 2
GLU 1 55 205 905 1785 3036 4195 4983 5262 4891 3907 3027 2241 1735 1180 846 650 437 283 168 67 23 3 7 0 0 0 0 1 50 162 434 872 1549 2146 2511 2527 2406 2247 1781 1425 1037 771 531 353 181 69 25 7 5 0 0 5 95 628 2644 5537 8390 9562 9519 8642 6704 4930 3552 2420 1647 1213 708 475 266 131 41 16 9 4
ARG 0 34 140 478 816 1464 2094 2842 3415 3788 3712 3347 2751 2181 1691 1204 841 632 369 212 118 55 14 3 0 0 0 0 3 29 85 245 494 938 1535 1943 2205 2433 2513 2296 1888 1462 1080 647 384 193 79 15 4 5 0 0 0 24 219 854 1943 3369 4363 5461 5780 5410 4755 3753 2823 2114 1354 874 503 268 115 52 15 7 10
THR 0 37 164 524 1151 1865 2916 3817 4521 4676 4674 4088 3319 2904 2289 1886 1564 1170 856 548 321 164 50 20 10 0 0 0 0 45 118 340 589 1241 1908 2641 3071 3260 3136 2796 2418 2174 1823 1528 1165 755 332 165 63 27 0 0 1 34 160 555 1254 1839 2477 2706 2874 2901 2776 2497 2237 2010 1744 1416 1113 747 463 231 113 31 21
MET 0 56 106 174 257 347 445 640 725 804 846 860 849 742 653 604 452 388 262 155 106 47 15 4 2 0 0 0 0 5 22 46 98 177 262 394 485 587 656 767 859 935 854 780 515 320 166 74 27 11 0 0 2 16 47 147 230 466 689 877 1066 1300 1543 1527 1607 1509 1316 1031 712 498 261 143 69 26 5
ALA 1 98 236 705 1320 1878 2674 3188 3807 4011 4064 3988 3871 3362 2943 2691 2291 1767 1335 890 498 243 94 53 23 0 0 0 0 24 55 159 299 588 856 1142 1489 1915 2300 2503 2795 2920 3183 2719 2106 1460 819 375 153 79 0 0 1 77 480 1611 3405 5259 5865 6349 6457 6874 7194 7194 7315 6727 5920 4927 3819 2553 1566 900 427 180 94
HIS 0 76 174 382 485 749 1091 1394 1627 1851 1829 1796 1524 1319 1173 878 823 623 414 244 143 56 26 4 0 0 0 0 0 4 17 83 182 409 572 717 944 1122 1115 1118 1087 948 806 599 353 215 86 30 18 5 0 0 3 14 87 240 602 969 1256 1619 1697 1778 1661 1403 1144 1007 806 598 388 225 107 33 19 13 4
