6804 5084 5939 7508 8022 7220 5706 4548 3847 4160 4776 2392 2045 1905 1600 1131 671 333 106 35 4985 2940 3596 4553 5386 5304 4413 3223 1739 445
11764 6320 6254 6268 6463 6105 5329 4625 3430 3056 3251 1100 965 949 857 747 578 394 180 18 3937 1793 1738 1797 1950 1985 2053 1583 627 59
1157 1600 2822 4317 5542 5919 5740 4641 3668 3254 1778 1938 2817 3737 3524 2878 1959 860 214 44 2269 2849 4760 6326 7684 7725 6908 4946 2658 637
10456 4017 2560 1871 1507 1127 878 626 517 614 30226 4358 2944 1990 1385 836 416 119 23 6 24502 5375 3276 2177 1705 1277 847 410 159 38
2784 1590 1050 797 527 406 325 258 166 237 4192 1457 1002 668 363 231 141 55 7 1 5267 2072 1215 732 459 314 276 194 105 51
4404 1657 939 634 446 236 152 112 97 93 5596 739 410 233 140 72 23 10 2 0 5372 974 470 285 197 118 81 51 13 2
20917 10224 9781 9931 9077 8662 7406 7193 4930 5657 14482 2840 2119 1612 748 387 213 106 29 24 12814 2692 2291 2117 2122 1516 940 798 522 179
8958 4011 2634 1816 1282 1007 796 616 458 640 16966 3264 1926 1185 760 496 241 95 36 3 16772 4075 2523 1663 1145 869 672 465 261 83
2280 1886 2163 2625 3041 2908 2584 2061 1549 1074 3031 1679 1768 1804 1589 1357 749 238 39 10 4577 3290 3963 4593 5438 5014 3487 1980 715 117
10966 6257 6024 6161 5702 4187 3515 3280 2498 2869 10523 3048 2635 2308 1911 1201 608 218 49 14 10784 3729 3427 3577 3799 3826 3208 1898 693 134
5951 3972 4143 4631 5088 4692 3897 3326 3003 4164 4490 1581 1511 1302 1178 935 632 362 123 32 4826 2634 2455 2591 2963 3044 2467 1810 1024 380
16219 7276 4840 3625 2836 2144 1635 1199 938 1665 30960 4750 3256 2255 1614 1020 564 247 71 8 47252 10834 7659 5394 3932 3018 2173 1403 778 317
12041 5238 3566 2746 2222 1809 1469 1114 894 1186 40438 6258 4179 3122 2424 1589 821 239 37 7 25244 5373 3666 2596 1969 1590 1055 697 349 75
5473 3774 3141 2360 1721 1285 870 700 470 560 10244 4329 2945 1740 1122 712 315 129 23 5 9930 4530 3460 2278 1533 1117 819 517 267 83
2585 2201 2888 3858 4836 5344 5108 4668 3628 3470 3794 2418 2855 3150 3161 2575 1666 626 180 47 5697 4719 6389 8518 10611 10942 9094 5861 2664 453
2772 3137 3924 4599 4605 3967 3028 2261 1674 1277 3364 2920 3463 3663 2893 1949 1074 388 94 14 4377 4697 6275 7231 6925 5840 3961 2134 847 183
8702 4704 4553 4727 5410 4749 3277 2607 2111 2214 11516 4081 3742 3074 2742 2365 1175 317 62 23 10706 3430 3142 3083 2868 2567 2038 1303 556 103
14064 6049 4593 3847 3486 3125 2789 2400 2045 3489 19513 2893 1817 1451 993 659 335 173 76 17 40516 8247 6328 6186 6299 6916 4524 3506 2258 397
3118 1294 1028 806 601 559 478 415 319 529 5079 837 644 450 344 211 101 30 8 0 8186 1774 1397 984 780 586 427 232 116 21
3615 2327 2373 2007 1752 1572 1400 1209 1035 1136 3976 1809 1487 1119 898 578 299 124 16 3 3918 2158 2106 1907 1610 1458 1089 725 368 102
