1122 24160 14638 6023 3774 2264 1338 943 627 399 393 10412 2841 672 311 145 76 42 28 17 157 14886 13591 3936 1792 914 493 216 152 78
400 18456 18799 6067 3585 2319 1545 1137 837 632 28 4713 3655 431 93 45 23 14 4 2 51 3367 8354 2431 1086 651 438 289 192 132
1002 15604 9568 3721 2150 1409 1065 796 482 332 578 14186 3266 662 409 259 156 76 49 19 176 13838 16927 5696 2931 1839 1238 891 610 401
2239 14824 4042 1279 692 371 226 130 60 33 5099 33909 2167 668 270 121 37 16 5 2 488 19594 14932 2838 918 408 215 113 58 32
219 4768 2034 431 208 126 86 54 42 25 159 6758 935 136 51 35 19 5 4 4 74 5143 3880 762 330 197 129 62 26 14
392 4860 2014 487 261 196 139 81 68 40 292 5756 902 111 73 33 25 10 4 2 35 2958 3488 590 175 107 57 45 14 19
0 0 0 2 521 6912 15049 11054 6204 4077 0 0 0 0 388 4263 7365 4033 1674 821 0 0 0 2 41 1464 5536 5619 2880 1444
806 13054 5030 1466 716 350 211 139 74 46 681 19964 3246 548 262 129 48 29 18 14 153 12959 10843 2324 1014 548 277 163 84 47
839 10157 5153 1787 1077 721 468 345 226 158 486 9045 1805 379 214 135 79 44 22 10 211 12754 10956 3565 1778 1075 703 441 324 198
555 17278 13833 5002 3051 2262 1549 1147 823 591 522 15177 4672 823 419 310 214 109 65 52 70 8242 13765 4305 2266 1561 1024 661 491 367
1230 19839 10173 3887 2402 1405 822 608 387 275 501 9128 1689 369 203 88 49 34 21 13 153 11151 8200 2312 1192 510 272 119 56 35
3307 27342 7754 2130 782 331 197 117 79 39 2460 38100 3281 603 164 74 26 17 5 5 710 48325 26928 4323 1426 496 227 116 56 34
1655 18997 6333 2121 1137 663 397 245 122 82 3827 49624 3514 1181 592 214 92 35 13 2 246 17825 18363 3592 1293 516 278 142 83 44
675 11691 4773 1490 680 328 181 140 60 39 676 17338 2731 436 184 94 40 29 11 10 136 10810 9284 2192 939 488 270 181 81 44
1052 15329 9308 3535 2149 1415 1064 726 517 397 700 14521 3322 761 428 305 149 90 50 31 288 22085 21544 7574 4049 2539 1632 1139 794 478
1071 14161 7446 2631 1547 1028 729 512 321 241 708 14849 2814 616 348 205 112 64 30 15 215 14595 15742 4605 2289 1469 955 597 393 291
1035 19763 10472 3806 2213 1482 1128 708 422 275 1395 22685 3185 793 442 254 144 65 42 22 121 9864 11927 3532 1805 925 473 275 183 99
638 16806 13355 3892 2219 1509 1131 823 573 449 495 19211 6214 815 325 225 182 144 78 39 51 19032 38352 10303 4468 2879 2078 1492 1065 799
485 4674 1892 633 359 217 157 102 67 57 392 6151 800 148 80 46 30 18 11 5 197 7187 4863 1024 385 247 188 98 75 40
527 8927 4546 1528 860 554 352 220 147 99 322 7601 1734 329 145 93 44 23 8 2 79 5799 5849 1636 890 457 278 164 88 47
